  1003001  1991.197232   31.755   64.168     4.0     4.0   20.3480   36.7380   237.94    0.435   -9.990 
  1003001  1991.197232   31.755   64.168     6.0     6.0   20.3670   36.7380   238.17    0.433   -9.990 
  1003001  1991.197232   31.755   64.168     8.0     7.9   20.3690   36.7380   238.25    0.433   -9.990 
  1003001  1991.197232   31.755   64.168    10.0     9.9   20.3630   36.7390   238.26    0.434   -9.990 
  1003001  1991.197232   31.755   64.168    12.0    11.9   20.3550   36.7390   238.22    0.433   -9.990 
  1003001  1991.197232   31.755   64.168    14.0    13.9   20.3500   36.7390   238.29    0.434   -9.990 
  1003001  1991.197232   31.755   64.168    16.0    15.9   20.3510   36.7390   238.24    0.432   -9.990 
  1003001  1991.197232   31.755   64.168    18.0    17.9   20.3570   36.7390   238.09    0.433   -9.990 
  1003001  1991.197232   31.755   64.168    20.0    19.9   20.3570   36.7380   238.02    0.432   -9.990 
  1003001  1991.197232   31.755   64.168    22.0    21.8   20.3570   36.7380   238.00    0.433   -9.990 
  1003001  1991.197232   31.755   64.168    24.0    23.8   20.3680   36.7380   237.92    0.434   -9.990 
  1003001  1991.197232   31.755   64.168    26.0    25.8   20.3680   36.7380   237.87    0.431   -9.990 
  1003001  1991.197232   31.755   64.168    28.0    27.8   20.3710   36.7380   237.87    0.436   -9.990 
  1003001  1991.197232   31.755   64.168    30.0    29.8   20.3680   36.7380   237.78    0.434   -9.990 
  1003001  1991.197232   31.755   64.168    32.0    31.8   20.3690   36.7380   237.57    0.433   -9.990 
  1003001  1991.197232   31.755   64.168    34.0    33.8   20.3690   36.7380   237.36    0.433   -9.990 
  1003001  1991.197232   31.755   64.168    36.0    35.7   20.3690   36.7380   237.36    0.433   -9.990 
  1003001  1991.197232   31.755   64.168    38.0    37.7   20.3710   36.7380   237.38    0.433   -9.990 
  1003001  1991.197232   31.755   64.168    40.0    39.7   20.3720   36.7380   237.40    0.432   -9.990 
  1003001  1991.197232   31.755   64.168    42.0    41.7   20.3700   36.7380   237.42    0.433   -9.990 
  1003001  1991.197232   31.755   64.168    44.0    43.7   20.3700   36.7380   237.54    0.434   -9.990 
  1003001  1991.197232   31.755   64.168    46.0    45.7   20.3710   36.7380   237.53    0.434   -9.990 
  1003001  1991.197232   31.755   64.168    48.0    47.7   20.3710   36.7370   237.53    0.433   -9.990 
  1003001  1991.197232   31.755   64.168    50.0    49.6   20.3710   36.7370   237.53    0.432   -9.990 
  1003001  1991.197232   31.755   64.168    52.0    51.6   20.3720   36.7380   237.55    0.432   -9.990 
  1003001  1991.197232   31.755   64.168    54.0    53.6   20.3700   36.7370   237.48    0.431   -9.990 
  1003001  1991.197232   31.755   64.168    56.0    55.6   20.3710   36.7370   237.35    0.432   -9.990 
  1003001  1991.197232   31.755   64.168    58.0    57.6   20.3760   36.7370   237.22    0.433   -9.990 
  1003001  1991.197232   31.755   64.168    60.0    59.6   20.3750   36.7370   237.28    0.432   -9.990 
  1003001  1991.197232   31.755   64.168    62.0    61.6   20.3760   36.7370   237.27    0.432   -9.990 
  1003001  1991.197232   31.755   64.168    64.0    63.5   20.3720   36.7370   237.29    0.430   -9.990 
  1003001  1991.197232   31.755   64.168    66.0    65.5   20.3720   36.7360   237.30    0.430   -9.990 
  1003001  1991.197232   31.755   64.168    68.0    67.5   20.3700   36.7350   237.25    0.432   -9.990 
  1003001  1991.197232   31.755   64.168    70.0    69.5   20.3700   36.7350   237.16    0.429   -9.990 
  1003001  1991.197232   31.755   64.168    72.0    71.5   20.3700   36.7340   236.97    0.431   -9.990 
  1003001  1991.197232   31.755   64.168    74.0    73.5   20.3670   36.7340   236.64    0.429   -9.990 
  1003001  1991.197232   31.755   64.168    76.0    75.5   20.3660   36.7330   236.44    0.428   -9.990 
  1003001  1991.197232   31.755   64.168    78.0    77.4   20.3650   36.7330   236.35    0.429   -9.990 
  1003001  1991.197232   31.755   64.168    80.0    79.4   20.3650   36.7320   236.21    0.428   -9.990 
  1003001  1991.197232   31.755   64.168    82.0    81.4   20.3620   36.7320   236.04    0.428   -9.990 
  1003001  1991.197232   31.755   64.168    84.0    83.4   20.3540   36.7310   235.73    0.427   -9.990 
  1003001  1991.197232   31.755   64.168    86.0    85.4   20.3540   36.7300   235.53    0.426   -9.990 
  1003001  1991.197232   31.755   64.168    88.0    87.4   20.3530   36.7300   235.43    0.426   -9.990 
  1003001  1991.197232   31.755   64.168    90.0    89.4   20.3520   36.7300   235.12    0.425   -9.990 
  1003001  1991.197232   31.755   64.168    92.0    91.3   20.3560   36.7310   234.94    0.426   -9.990 
  1003001  1991.197232   31.755   64.168    94.0    93.3   20.3550   36.7300   234.85    0.426   -9.990 
  1003001  1991.197232   31.755   64.168    96.0    95.3   20.3460   36.7280   234.89    0.424   -9.990 
  1003001  1991.197232   31.755   64.168    98.0    97.3   20.3420   36.7280   234.94    0.423   -9.990 
  1003001  1991.197232   31.755   64.168   100.0    99.3   20.3420   36.7270   235.04    0.423   -9.990 
  1003001  1991.197232   31.755   64.168   102.0   101.3   20.3320   36.7250   235.01    0.423   -9.990 
  1003001  1991.197232   31.755   64.168   104.0   103.2   20.3280   36.7240   234.93    0.422   -9.990 
  1003001  1991.197232   31.755   64.168   106.0   105.2   20.3210   36.7240   234.81    0.422   -9.990 
  1003001  1991.197232   31.755   64.168   108.0   107.2   20.3170   36.7220   234.72    0.422   -9.990 
  1003001  1991.197232   31.755   64.168   110.0   109.2   20.3090   36.7210   234.64    0.423   -9.990 
  1003001  1991.197232   31.755   64.168   112.0   111.2   20.2970   36.7200   234.50    0.421   -9.990 
  1003001  1991.197232   31.755   64.168   114.0   113.2   20.2920   36.7180   234.42    0.420   -9.990 
  1003001  1991.197232   31.755   64.168   116.0   115.2   20.2900   36.7170   234.46    0.420   -9.990 
  1003001  1991.197232   31.755   64.168   118.0   117.1   20.2860   36.7170   234.37    0.420   -9.990 
  1003001  1991.197232   31.755   64.168   120.0   119.1   20.2770   36.7150   234.24    0.419   -9.990 
  1003001  1991.197232   31.755   64.168   122.0   121.1   20.2640   36.7130   234.05    0.419   -9.990 
  1003001  1991.197232   31.755   64.168   124.0   123.1   20.2460   36.7110   233.80    0.414   -9.990 
  1003001  1991.197232   31.755   64.168   126.0   125.1   20.1260   36.7030   233.46    0.411   -9.990 
  1003001  1991.197232   31.755   64.168   128.0   127.1   19.7510   36.6690   232.87    0.399   -9.990 
  1003001  1991.197232   31.755   64.168   130.0   129.1   19.6080   36.6460   231.77    0.395   -9.990 
  1003001  1991.197232   31.755   64.168   132.0   131.0   19.5400   36.6330   230.45    0.394   -9.990 
  1003001  1991.197232   31.755   64.168   134.0   133.0   19.5380   36.6310   230.13    0.394   -9.990 
  1003001  1991.197232   31.755   64.168   136.0   135.0   19.5340   36.6300   229.95    0.393   -9.990 
  1003001  1991.197232   31.755   64.168   138.0   137.0   19.5280   36.6290   229.76    0.392   -9.990 
  1003001  1991.197232   31.755   64.168   140.0   139.0   19.5240   36.6260   229.67    0.395   -9.990 
  1003001  1991.197232   31.755   64.168   142.0   141.0   19.5210   36.6260   229.62    0.391   -9.990 
  1003001  1991.197232   31.755   64.168   144.0   142.9   19.5190   36.6250   229.55    0.391   -9.990 
  1003001  1991.197232   31.755   64.168   146.0   144.9   19.5170   36.6240   229.45    0.390   -9.990 
  1003001  1991.197232   31.755   64.168   148.0   146.9   19.5160   36.6230   229.39    0.390   -9.990 
  1003001  1991.197232   31.755   64.168   150.0   148.9   19.5130   36.6230   229.32    0.390   -9.990 
  1003001  1991.197232   31.755   64.168   152.0   150.9   19.5090   36.6230   229.19    0.390   -9.990 
  1003001  1991.197232   31.755   64.168   154.0   152.9   19.5030   36.6220   229.13    0.390   -9.990 
  1003001  1991.197232   31.755   64.168   156.0   154.9   19.5010   36.6220   229.09    0.390   -9.990 
  1003001  1991.197232   31.755   64.168   158.0   156.8   19.4980   36.6220   229.07    0.391   -9.990 
  1003001  1991.197232   31.755   64.168   160.0   158.8   19.4930   36.6290   228.94    0.392   -9.990 
  1003001  1991.197232   31.755   64.168   162.0   160.8   19.4800   36.6400   228.13    0.394   -9.990 
  1003001  1991.197232   31.755   64.168   164.0   162.8   19.4730   36.6410   226.42    0.394   -9.990 
  1003001  1991.197232   31.755   64.168   166.0   164.8   19.4460   36.6420   225.59    0.394   -9.990 
  1003001  1991.197232   31.755   64.168   168.0   166.8   19.4140   36.6450   224.14    0.394   -9.990 
  1003001  1991.197232   31.755   64.168   170.0   168.7   19.3830   36.6470   222.73    0.394   -9.990 
  1003001  1991.197232   31.755   64.168   172.0   170.7   19.3780   36.6450   220.07    0.394   -9.990 
  1003001  1991.197232   31.755   64.168   174.0   172.7   19.3740   36.6450   218.50    0.394   -9.990 
  1003001  1991.197232   31.755   64.168   176.0   174.7   19.3450   36.6430   217.19    0.394   -9.990 
  1003001  1991.197232   31.755   64.168   178.0   176.7   19.2920   36.6420   216.39    0.393   -9.990 
  1003001  1991.197232   31.755   64.168   180.0   178.7   19.2670   36.6380   215.64    0.392   -9.990 
  1003001  1991.197232   31.755   64.168   182.0   180.7   19.2250   36.6320   214.93    0.392   -9.990 
  1003001  1991.197232   31.755   64.168   184.0   182.6   19.2150   36.6300   214.50    0.391   -9.990 
  1003001  1991.197232   31.755   64.168   186.0   184.6   19.2030   36.6270   214.59    0.392   -9.990 
  1003001  1991.197232   31.755   64.168   188.0   186.6   19.1940   36.6260   214.93    0.390   -9.990 
  1003001  1991.197232   31.755   64.168   190.0   188.6   19.1730   36.6240   215.64    0.391   -9.990 
  1003001  1991.197232   31.755   64.168   192.0   190.6   19.1410   36.6190   215.95    0.390   -9.990 
  1003001  1991.197232   31.755   64.168   194.0   192.6   19.1220   36.6200   216.18    0.390   -9.990 
  1003001  1991.197232   31.755   64.168   196.0   194.5   19.1140   36.6190   216.51    0.390   -9.990 
  1003001  1991.197232   31.755   64.168   198.0   196.5   19.0790   36.6170   216.76    0.390   -9.990 
  1003001  1991.197232   31.755   64.168   200.0   198.5   19.0560   36.6150   216.67    0.390   -9.990 
  1003001  1991.197232   31.755   64.168   202.0   200.5   19.0340   36.6140   216.56    0.390   -9.990 
  1003001  1991.197232   31.755   64.168   204.0   202.5   19.0030   36.6120   216.88    0.390   -9.990 
  1003001  1991.197232   31.755   64.168   206.0   204.5   18.9850   36.6100   217.37    0.389   -9.990 
  1003001  1991.197232   31.755   64.168   208.0   206.4   18.9730   36.6080   217.62    0.389   -9.990 
  1003001  1991.197232   31.755   64.168   210.0   208.4   18.9630   36.6070   217.49    0.390   -9.990 
  1003001  1991.197232   31.755   64.168   212.0   210.4   18.9540   36.6060   217.13    0.389   -9.990 
  1003001  1991.197232   31.755   64.168   214.0   212.4   18.9340   36.6050   216.53    0.390   -9.990 
  1003001  1991.197232   31.755   64.168   216.0   214.4   18.9120   36.6030   216.03    0.390   -9.990 
  1003001  1991.197232   31.755   64.168   218.0   216.4   18.8850   36.6010   215.59    0.387   -9.990 
  1003001  1991.197232   31.755   64.168   220.0   218.4   18.8730   36.5990   215.03    0.388   -9.990 
  1003001  1991.197232   31.755   64.168   222.0   220.3   18.8560   36.5980   214.30    0.387   -9.990 
  1003001  1991.197232   31.755   64.168   224.0   222.3   18.8230   36.5940   213.59    0.387   -9.990 
  1003001  1991.197232   31.755   64.168   226.0   224.3   18.8200   36.5940   213.15    0.387   -9.990 
  1003001  1991.197232   31.755   64.168   228.0   226.3   18.8230   36.5930   212.52    0.387   -9.990 
  1003001  1991.197232   31.755   64.168   230.0   228.3   18.7990   36.5930   211.93    0.387   -9.990 
  1003001  1991.197232   31.755   64.168   232.0   230.3   18.7800   36.5910   211.33    0.387   -9.990 
  1003001  1991.197232   31.755   64.168   234.0   232.2   18.7440   36.5890   210.90    0.387   -9.990 
  1003001  1991.197232   31.755   64.168   236.0   234.2   18.7350   36.5880   210.47    0.387   -9.990 
  1003001  1991.197232   31.755   64.168   238.0   236.2   18.7250   36.5870   210.01    0.387   -9.990 
  1003001  1991.197232   31.755   64.168   240.0   238.2   18.7100   36.5850   209.55    0.387   -9.990 
  1003001  1991.197232   31.755   64.168   242.0   240.2   18.7010   36.5840   209.31    0.387   -9.990 
  1003001  1991.197232   31.755   64.168   244.0   242.2   18.6670   36.5840   209.10    0.387   -9.990 
  1003001  1991.197232   31.755   64.168   246.0   244.1   18.6490   36.5820   208.77    0.386   -9.990 
  1003001  1991.197232   31.755   64.168   248.0   246.1   18.6210   36.5780   208.48    0.387   -9.990 
  1003001  1991.197232   31.755   64.168   250.0   248.1   18.6180   36.5780   208.31    0.387   -9.990 
  1003001  1991.197232   31.755   64.168   252.0   250.1   18.6130   36.5770   208.01    0.386   -9.990 
  1003001  1991.197232   31.755   64.168   254.0   252.1   18.5990   36.5750   207.52    0.387   -9.990 
  1003001  1991.197232   31.755   64.168   256.0   254.1   18.5920   36.5740   207.38    0.387   -9.990 
  1003001  1991.197232   31.755   64.168   258.0   256.0   18.5870   36.5740   207.29    0.386   -9.990 
  1003001  1991.197232   31.755   64.168   260.0   258.0   18.5830   36.5730   207.24    0.386   -9.990 
  1003001  1991.197232   31.755   64.168   262.0   260.0   18.5790   36.5730   207.30    0.386   -9.990 
  1003001  1991.197232   31.755   64.168   264.0   262.0   18.5750   36.5720   207.39    0.387   -9.990 
  1003001  1991.197232   31.755   64.168   266.0   264.0   18.5620   36.5710   207.43    0.387   -9.990 
  1003001  1991.197232   31.755   64.168   268.0   266.0   18.5410   36.5690   207.50    0.386   -9.990 
  1003001  1991.197232   31.755   64.168   270.0   267.9   18.5220   36.5680   207.56    0.387   -9.990 
  1003001  1991.197232   31.755   64.168   272.0   269.9   18.5290   36.5660   207.52    0.387   -9.990 
  1003001  1991.197232   31.755   64.168   274.0   271.9   18.5210   36.5660   207.48    0.387   -9.990 
  1003001  1991.197232   31.755   64.168   276.0   273.9   18.5160   36.5660   207.45    0.385   -9.990 
  1003001  1991.197232   31.755   64.168   278.0   275.9   18.5100   36.5660   207.36    0.386   -9.990 
  1003001  1991.197232   31.755   64.168   280.0   277.9   18.4960   36.5650   207.25    0.385   -9.990 
  1003001  1991.197232   31.755   64.168   282.0   279.8   18.4880   36.5620   207.21    0.385   -9.990 
  1003001  1991.197232   31.755   64.168   284.0   281.8   18.4760   36.5620   207.28    0.386   -9.990 
  1003001  1991.197232   31.755   64.168   286.0   283.8   18.4660   36.5610   207.28    0.386   -9.990 
  1003001  1991.197232   31.755   64.168   288.0   285.8   18.4590   36.5600   207.22    0.386   -9.990 
  1003001  1991.197232   31.755   64.168   290.0   287.8   18.4480   36.5590   207.15    0.385   -9.990 
  1003001  1991.197232   31.755   64.168   292.0   289.8   18.4280   36.5570   207.10    0.385   -9.990 
  1003001  1991.197232   31.755   64.168   294.0   291.7   18.4050   36.5550   207.05    0.386   -9.990 
  1003001  1991.197232   31.755   64.168   296.0   293.7   18.3900   36.5540   206.77    0.385   -9.990 
  1003001  1991.197232   31.755   64.168   298.0   295.7   18.3690   36.5500   206.45    0.385   -9.990 
  1003001  1991.197232   31.755   64.168   300.0   297.7   18.3540   36.5480   206.41    0.385   -9.990 
  1003001  1991.197232   31.755   64.168   302.0   299.7   18.3370   36.5470   206.48    0.385   -9.990 
  1003001  1991.197232   31.755   64.168   304.0   301.7   18.3200   36.5440   206.55    0.385   -9.990 
  1003001  1991.197232   31.755   64.168   306.0   303.6   18.3060   36.5440   206.62    0.385   -9.990 
  1003001  1991.197232   31.755   64.168   308.0   305.6   18.3060   36.5420   206.71    0.385   -9.990 
  1003001  1991.197232   31.755   64.168   310.0   307.6   18.2850   36.5400   206.74    0.384   -9.990 
  1003001  1991.197232   31.755   64.168   312.0   309.6   18.2680   36.5380   206.79    0.385   -9.990 
  1003001  1991.197232   31.755   64.168   314.0   311.6   18.2580   36.5370   206.86    0.385   -9.990 
  1003001  1991.197232   31.755   64.168   316.0   313.6   18.2520   36.5370   206.95    0.385   -9.990 
  1003001  1991.197232   31.755   64.168   318.0   315.5   18.2460   36.5360   207.07    0.385   -9.990 
  1003001  1991.197232   31.755   64.168   320.0   317.5   18.2190   36.5350   207.18    0.385   -9.990 
  1003001  1991.197232   31.755   64.168   322.0   319.5   18.1910   36.5330   207.31    0.385   -9.990 
  1003001  1991.197232   31.755   64.168   324.0   321.5   18.1760   36.5310   207.43    0.385   -9.990 
  1003001  1991.197232   31.755   64.168   326.0   323.5   18.1630   36.5300   207.51    0.385   -9.990 
  1003001  1991.197232   31.755   64.168   328.0   325.5   18.1510   36.5280   207.58    0.385   -9.990 
  1003001  1991.197232   31.755   64.168   330.0   327.4   18.1230   36.5260   207.66    0.385   -9.990 
  1003001  1991.197232   31.755   64.168   332.0   329.4   18.1180   36.5240   207.74    0.384   -9.990 
  1003001  1991.197232   31.755   64.168   334.0   331.4   18.1170   36.5240   207.84    0.385   -9.990 
  1003001  1991.197232   31.755   64.168   336.0   333.4   18.0960   36.5220   207.92    0.384   -9.990 
  1003001  1991.197232   31.755   64.168   338.0   335.4   18.0850   36.5180   208.03    0.384   -9.990 
  1003001  1991.197232   31.755   64.168   340.0   337.4   18.0620   36.5170   208.07    0.384   -9.990 
  1003001  1991.197232   31.755   64.168   342.0   339.3   18.0530   36.5160   208.05    0.384   -9.990 
  1003001  1991.197232   31.755   64.168   344.0   341.3   18.0460   36.5150   207.90    0.384   -9.990 
  1003001  1991.197232   31.755   64.168   346.0   343.3   18.0380   36.5130   207.71    0.384   -9.990 
  1003001  1991.197232   31.755   64.168   348.0   345.3   18.0360   36.5130   207.74    0.385   -9.990 
  1003001  1991.197232   31.755   64.168   350.0   347.3   18.0300   36.5130   207.84    0.385   -9.990 
  1003001  1991.197232   31.755   64.168   352.0   349.3   18.0260   36.5120   207.96    0.385   -9.990 
  1003001  1991.197232   31.755   64.168   354.0   351.2   18.0210   36.5110   207.94    0.385   -9.990 
  1003001  1991.197232   31.755   64.168   356.0   353.2   18.0150   36.5100   207.87    0.385   -9.990 
  1003001  1991.197232   31.755   64.168   358.0   355.2   17.9940   36.5080   207.82    0.384   -9.990 
  1003001  1991.197232   31.755   64.168   360.0   357.2   17.9860   36.5080   207.79    0.384   -9.990 
  1003001  1991.197232   31.755   64.168   362.0   359.2   17.9870   36.5080   207.68    0.384   -9.990 
  1003001  1991.197232   31.755   64.168   364.0   361.1   17.9840   36.5070   207.73    0.384   -9.990 
  1003001  1991.197232   31.755   64.168   366.0   363.1   17.9780   36.5070   207.79    0.384   -9.990 
  1003001  1991.197232   31.755   64.168   368.0   365.1   17.9710   36.5060   207.88    0.384   -9.990 
  1003001  1991.197232   31.755   64.168   370.0   367.1   17.9650   36.5050   207.98    0.383   -9.990 
  1003001  1991.197232   31.755   64.168   372.0   369.1   17.9460   36.5030   208.08    0.385   -9.990 
  1003001  1991.197232   31.755   64.168   374.0   371.1   17.9330   36.5010   208.17    0.384   -9.990 
  1003001  1991.197232   31.755   64.168   376.0   373.0   17.9120   36.5000   208.29    0.385   -9.990 
  1003001  1991.197232   31.755   64.168   378.0   375.0   17.8900   36.4960   208.40    0.384   -9.990 
  1003001  1991.197232   31.755   64.168   380.0   377.0   17.8850   36.4950   208.39    0.384   -9.990 
  1003001  1991.197232   31.755   64.168   382.0   379.0   17.8740   36.4920   208.35    0.384   -9.990 
  1003001  1991.197232   31.755   64.168   384.0   381.0   17.8610   36.4900   208.20    0.384   -9.990 
  1003001  1991.197232   31.755   64.168   386.0   383.0   17.8480   36.4880   207.98    0.383   -9.990 
  1003001  1991.197232   31.755   64.168   388.0   384.9   17.8440   36.4860   207.81    0.384   -9.990 
  1003001  1991.197232   31.755   64.168   390.0   386.9   17.8250   36.4840   207.79    0.385   -9.990 
  1003001  1991.197232   31.755   64.168   392.0   388.9   17.8000   36.4810   207.58    0.383   -9.990 
  1003001  1991.197232   31.755   64.168   394.0   390.9   17.7810   36.4770   207.32    0.385   -9.990 
  1003001  1991.197232   31.755   64.168   396.0   392.9   17.7760   36.4760   207.15    0.383   -9.990 
  1003001  1991.197232   31.755   64.168   398.0   394.8   17.7450   36.4720   206.87    0.383   -9.990 
  1003001  1991.197232   31.755   64.168   400.0   396.8   17.7360   36.4680   206.60    0.384   -9.990 
  1003001  1991.197232   31.755   64.168   402.0   398.8   17.7320   36.4670   206.38    0.385   -9.990 
  1003001  1991.197232   31.755   64.168   404.0   400.8   17.7260   36.4650   206.28    0.384   -9.990 
  1003001  1991.197232   31.755   64.168   406.0   402.8   17.6780   36.4600   206.05    0.384   -9.990 
  1003001  1991.197232   31.755   64.168   408.0   404.8   17.6430   36.4520   205.39    0.384   -9.990 
  1003001  1991.197232   31.755   64.168   410.0   406.7   17.6210   36.4460   204.75    0.385   -9.990 
  1003001  1991.197232   31.755   64.168   412.0   408.7   17.5900   36.4420   204.34    0.385   -9.990 
  1003001  1991.197232   31.755   64.168   414.0   410.7   17.5970   36.4400   203.70    0.383   -9.990 
  1003001  1991.197232   31.755   64.168   416.0   412.7   17.5770   36.4380   203.32    0.385   -9.990 
  1003001  1991.197232   31.755   64.168   418.0   414.7   17.5530   36.4360   202.82    0.383   -9.990 
  1003001  1991.197232   31.755   64.168   420.0   416.7   17.5010   36.4280   202.47    0.384   -9.990 
  1003001  1991.197232   31.755   64.168   422.0   418.6   17.4760   36.4220   202.23    0.384   -9.990 
  1003001  1991.197232   31.755   64.168   424.0   420.6   17.4570   36.4160   201.61    0.384   -9.990 
  1003001  1991.197232   31.755   64.168   426.0   422.6   17.4170   36.4080   200.75    0.385   -9.990 
  1003001  1991.197232   31.755   64.168   428.0   424.6   17.4060   36.4070   200.26    0.384   -9.990 
  1003001  1991.197232   31.755   64.168   430.0   426.6   17.3930   36.4050   199.48    0.385   -9.990 
  1003001  1991.197232   31.755   64.168   432.0   428.5   17.3840   36.4020   198.71    0.384   -9.990 
  1003001  1991.197232   31.755   64.168   434.0   430.5   17.3720   36.4010   198.18    0.384   -9.990 
  1003001  1991.197232   31.755   64.168   436.0   432.5   17.3450   36.3960   197.74    0.385   -9.990 
  1003001  1991.197232   31.755   64.168   438.0   434.5   17.3350   36.3920   197.26    0.384   -9.990 
  1003001  1991.197232   31.755   64.168   440.0   436.5   17.3220   36.3900   196.69    0.384   -9.990 
  1003001  1991.197232   31.755   64.168   442.0   438.5   17.3030   36.3850   196.43    0.385   -9.990 
  1003001  1991.197232   31.755   64.168   444.0   440.4   17.2500   36.3780   196.16    0.383   -9.990 
  1003001  1991.197232   31.755   64.168   446.0   442.4   17.1990   36.3730   195.97    0.385   -9.990 
  1003001  1991.197232   31.755   64.168   448.0   444.4   17.1860   36.3690   195.69    0.385   -9.990 
  1003001  1991.197232   31.755   64.168   450.0   446.4   17.1850   36.3670   195.35    0.384   -9.990 
  1003001  1991.197232   31.755   64.168   452.0   448.4   17.1770   36.3640   194.95    0.384   -9.990 
  1003001  1991.197232   31.755   64.168   454.0   450.3   17.1330   36.3590   194.65    0.384   -9.990 
  1003001  1991.197232   31.755   64.168   456.0   452.3   17.1010   36.3530   194.27    0.384   -9.990 
  1003001  1991.197232   31.755   64.168   458.0   454.3   17.0840   36.3510   194.08    0.384   -9.990 
  1003001  1991.197232   31.755   64.168   460.0   456.3   17.0710   36.3470   193.85    0.384   -9.990 
  1003001  1991.197232   31.755   64.168   462.0   458.3   17.0360   36.3420   193.42    0.385   -9.990 
  1003001  1991.197232   31.755   64.168   464.0   460.3   17.0200   36.3380   192.99    0.385   -9.990 
  1003001  1991.197232   31.755   64.168   466.0   462.2   16.9930   36.3350   192.80    0.384   -9.990 
  1003001  1991.197232   31.755   64.168   468.0   464.2   16.9530   36.3290   192.41    0.384   -9.990 
  1003001  1991.197232   31.755   64.168   470.0   466.2   16.9220   36.3220   191.94    0.385   -9.990 
  1003001  1991.197232   31.755   64.168   472.0   468.2   16.9130   36.3200   191.73    0.385   -9.990 
  1003001  1991.197232   31.755   64.168   474.0   470.2   16.8930   36.3180   191.48    0.384   -9.990 
  1003001  1991.197232   31.755   64.168   476.0   472.1   16.8530   36.3100   191.23    0.384   -9.990 
  1003001  1991.197232   31.755   64.168   478.0   474.1   16.8420   36.3080   191.06    0.384   -9.990 
  1003001  1991.197232   31.755   64.168   480.0   476.1   16.8280   36.3050   190.79    0.384   -9.990 
  1003001  1991.197232   31.755   64.168   482.0   478.1   16.7980   36.3000   190.69    0.385   -9.990 
  1003001  1991.197232   31.755   64.168   484.0   480.1   16.7750   36.2940   190.51    0.384   -9.990 
  1003001  1991.197232   31.755   64.168   486.0   482.0   16.7500   36.2910   190.36    0.385   -9.990 
  1003001  1991.197232   31.755   64.168   488.0   484.0   16.7220   36.2890   190.13    0.384   -9.990 
  1003001  1991.197232   31.755   64.168   490.0   486.0   16.6990   36.2850   189.86    0.384   -9.990 
  1003001  1991.197232   31.755   64.168   492.0   488.0   16.6510   36.2750   189.72    0.384   -9.990 
  1003001  1991.197232   31.755   64.168   494.0   490.0   16.6330   36.2730   189.74    0.384   -9.990 
  1003001  1991.197232   31.755   64.168   496.0   492.0   16.6150   36.2710   189.58    0.385   -9.990 
  1003001  1991.197232   31.755   64.168   498.0   493.9   16.6000   36.2660   189.53    0.384   -9.990 
  1003001  1991.197232   31.755   64.168   500.0   495.9   16.5510   36.2600   189.49    0.385   -9.990 
  1003001  1991.197232   31.755   64.168   502.0   497.9   16.5030   36.2510   189.33    0.384   -9.990 
  1003001  1991.197232   31.755   64.168   504.0   499.9   16.4930   36.2480   189.13    0.385   -9.990 
  1003001  1991.197232   31.755   64.168   506.0   501.9   16.4750   36.2460   188.94    0.385   -9.990 
  1003001  1991.197232   31.755   64.168   508.0   503.8   16.4150   36.2360   188.59    0.384   -9.990 
  1003001  1991.197232   31.755   64.168   510.0   505.8   16.3810   36.2300   188.34    0.385   -9.990 
  1003001  1991.197232   31.755   64.168   512.0   507.8   16.3540   36.2260   188.02    0.384   -9.990 
  1003001  1991.197232   31.755   64.168   514.0   509.8   16.3230   36.2200   187.55    0.384   -9.990 
  1003001  1991.197232   31.755   64.168   516.0   511.8   16.2740   36.2120   187.10    0.384   -9.990 
  1003001  1991.197232   31.755   64.168   518.0   513.7   16.2310   36.2080   186.84    0.384   -9.990 
  1003001  1991.197232   31.755   64.168   520.0   515.7   16.1970   36.2010   186.63    0.384   -9.990 
  1003001  1991.197232   31.755   64.168   522.0   517.7   16.1730   36.1950   186.51    0.384   -9.990 
  1003001  1991.197232   31.755   64.168   524.0   519.7   16.1170   36.1870   186.45    0.383   -9.990 
  1003001  1991.197232   31.755   64.168   526.0   521.7   16.1030   36.1860   186.45    0.384   -9.990 
  1003001  1991.197232   31.755   64.168   528.0   523.7   16.0900   36.1820   186.48    0.385   -9.990 
  1003001  1991.197232   31.755   64.168   530.0   525.6   16.0780   36.1810   186.47    0.385   -9.990 
  1003001  1991.197232   31.755   64.168   532.0   527.6   16.0380   36.1740   186.41    0.385   -9.990 
  1003001  1991.197232   31.755   64.168   534.0   529.6   15.9970   36.1640   186.22    0.384   -9.990 
  1003001  1991.197232   31.755   64.168   536.0   531.6   15.9460   36.1570   185.85    0.384   -9.990 
  1003001  1991.197232   31.755   64.168   538.0   533.6   15.9040   36.1500   185.21    0.384   -9.990 
  1003001  1991.197232   31.755   64.168   540.0   535.5   15.8500   36.1390   184.42    0.385   -9.990 
  1003001  1991.197232   31.755   64.168   542.0   537.5   15.8270   36.1360   183.85    0.385   -9.990 
  1003001  1991.197232   31.755   64.168   544.0   539.5   15.7980   36.1310   182.81    0.385   -9.990 
  1003001  1991.197232   31.755   64.168   546.0   541.5   15.7960   36.1290   182.01    0.384   -9.990 
  1003001  1991.197232   31.755   64.168   548.0   543.5   15.7780   36.1280   181.69    0.384   -9.990 
  1003001  1991.197232   31.755   64.168   550.0   545.4   15.7070   36.1170   181.30    0.385   -9.990 
  1003001  1991.197232   31.755   64.168   552.0   547.4   15.6470   36.1060   180.78    0.384   -9.990 
  1003001  1991.197232   31.755   64.168   554.0   549.4   15.6220   36.1010   180.38    0.385   -9.990 
  1003001  1991.197232   31.755   64.168   556.0   551.4   15.6110   36.0970   179.82    0.384   -9.990 
  1003001  1991.197232   31.755   64.168   558.0   553.4   15.5660   36.0920   179.44    0.385   -9.990 
  1003001  1991.197232   31.755   64.168   560.0   555.3   15.5470   36.0850   179.05    0.385   -9.990 
  1003001  1991.197232   31.755   64.168   562.0   557.3   15.4930   36.0780   178.64    0.385   -9.990 
  1003001  1991.197232   31.755   64.168   564.0   559.3   15.4580   36.0720   178.05    0.385   -9.990 
  1003001  1991.197232   31.755   64.168   566.0   561.3   15.4300   36.0690   177.59    0.385   -9.990 
  1003001  1991.197232   31.755   64.168   568.0   563.3   15.4190   36.0660   177.21    0.385   -9.990 
  1003001  1991.197232   31.755   64.168   570.0   565.3   15.3750   36.0540   176.73    0.385   -9.990 
  1003001  1991.197232   31.755   64.168   572.0   567.2   15.3160   36.0470   176.53    0.385   -9.990 
  1003001  1991.197232   31.755   64.168   574.0   569.2   15.3000   36.0440   176.29    0.384   -9.990 
  1003001  1991.197232   31.755   64.168   576.0   571.2   15.2600   36.0350   175.94    0.385   -9.990 
  1003001  1991.197232   31.755   64.168   578.0   573.2   15.2120   36.0270   175.49    0.384   -9.990 
  1003001  1991.197232   31.755   64.168   580.0   575.2   15.1720   36.0210   175.17    0.385   -9.990 
  1003001  1991.197232   31.755   64.168   582.0   577.1   15.1650   36.0160   174.66    0.385   -9.990 
  1003001  1991.197232   31.755   64.168   584.0   579.1   15.1260   36.0090   174.36    0.385   -9.990 
  1003001  1991.197232   31.755   64.168   586.0   581.1   15.0630   36.0020   173.99    0.385   -9.990 
  1003001  1991.197232   31.755   64.168   588.0   583.1   15.0330   35.9940   173.41    0.384   -9.990 
  1003001  1991.197232   31.755   64.168   590.0   585.1   14.9960   35.9920   173.07    0.383   -9.990 
  1003001  1991.197232   31.755   64.168   592.0   587.0   14.9810   35.9860   172.76    0.384   -9.990 
  1003001  1991.197232   31.755   64.168   594.0   589.0   14.9480   35.9820   172.39    0.384   -9.990 
  1003001  1991.197232   31.755   64.168   596.0   591.0   14.8800   35.9710   171.94    0.384   -9.990 
  1003001  1991.197232   31.755   64.168   598.0   593.0   14.8510   35.9630   171.68    0.385   -9.990 
  1003001  1991.197232   31.755   64.168   600.0   595.0   14.8070   35.9560   171.19    0.385   -9.990 
  1003001  1991.197232   31.755   64.168   602.0   596.9   14.7050   35.9430   171.06    0.384   -9.990 
  1003001  1991.197232   31.755   64.168   604.0   598.9   14.6860   35.9370   171.11    0.384   -9.990 
  1003001  1991.197232   31.755   64.168   606.0   600.9   14.6720   35.9350   171.16    0.385   -9.990 
  1003001  1991.197232   31.755   64.168   608.0   602.9   14.6720   35.9310   171.12    0.385   -9.990 
  1003001  1991.197232   31.755   64.168   610.0   604.9   14.6260   35.9250   171.06    0.385   -9.990 
  1003001  1991.197232   31.755   64.168   612.0   606.8   14.5710   35.9200   170.99    0.385   -9.990 
  1003001  1991.197232   31.755   64.168   614.0   608.8   14.5310   35.9170   170.82    0.385   -9.990 
  1003001  1991.197232   31.755   64.168   616.0   610.8   14.5040   35.9100   170.59    0.384   -9.990 
  1003001  1991.197232   31.755   64.168   618.0   612.8   14.4360   35.9040   170.48    0.384   -9.990 
  1003001  1991.197232   31.755   64.168   620.0   614.8   14.3950   35.8980   170.43    0.384   -9.990 
  1003001  1991.197232   31.755   64.168   622.0   616.7   14.3440   35.8890   170.47    0.385   -9.990 
  1003001  1991.197232   31.755   64.168   624.0   618.7   14.3230   35.8840   170.59    0.384   -9.990 
  1003001  1991.197232   31.755   64.168   626.0   620.7   14.2400   35.8730   170.63    0.384   -9.990 
  1003001  1991.197232   31.755   64.168   628.0   622.7   14.2200   35.8700   170.65    0.383   -9.990 
  1003001  1991.197232   31.755   64.168   630.0   624.7   14.1960   35.8670   170.72    0.383   -9.990 
  1003001  1991.197232   31.755   64.168   632.0   626.6   14.1700   35.8600   170.80    0.383   -9.990 
  1003001  1991.197232   31.755   64.168   634.0   628.6   14.1180   35.8550   170.89    0.384   -9.990 
  1003001  1991.197232   31.755   64.168   636.0   630.6   14.0760   35.8530   171.05    0.384   -9.990 
  1003001  1991.197232   31.755   64.168   638.0   632.6   14.0430   35.8460   171.27    0.384   -9.990 
  1003001  1991.197232   31.755   64.168   640.0   634.6   14.0170   35.8380   171.43    0.384   -9.990 
  1003001  1991.197232   31.755   64.168   642.0   636.5   14.0020   35.8360   171.42    0.385   -9.990 
  1003001  1991.197232   31.755   64.168   644.0   638.5   13.9880   35.8330   171.29    0.383   -9.990 
  1003001  1991.197232   31.755   64.168   646.0   640.5   13.9420   35.8290   171.17    0.383   -9.990 
  1003001  1991.197232   31.755   64.168   648.0   642.5   13.9230   35.8240   171.24    0.384   -9.990 
  1003001  1991.197232   31.755   64.168   650.0   644.5   13.8960   35.8220   171.30    0.385   -9.990 
  1003001  1991.197232   31.755   64.168   652.0   646.4   13.8650   35.8180   171.45    0.384   -9.990 
  1003001  1991.197232   31.755   64.168   654.0   648.4   13.8100   35.8150   171.99    0.383   -9.990 
  1003001  1991.197232   31.755   64.168   656.0   650.4   13.7680   35.8060   172.68    0.383   -9.990 
  1003001  1991.197232   31.755   64.168   658.0   652.4   13.7290   35.7950   173.27    0.383   -9.990 
  1003001  1991.197232   31.755   64.168   660.0   654.4   13.6610   35.7840   174.26    0.383   -9.990 
  1003001  1991.197232   31.755   64.168   662.0   656.3   13.6370   35.7820   174.66    0.383   -9.990 
  1003001  1991.197232   31.755   64.168   664.0   658.3   13.6040   35.7780   174.65    0.384   -9.990 
  1003001  1991.197232   31.755   64.168   666.0   660.3   13.5240   35.7700   174.26    0.383   -9.990 
  1003001  1991.197232   31.755   64.168   668.0   662.3   13.4320   35.7510   173.45    0.384   -9.990 
  1003001  1991.197232   31.755   64.168   670.0   664.3   13.3910   35.7440   172.88    0.384   -9.990 
  1003001  1991.197232   31.755   64.168   672.0   666.2   13.3460   35.7340   171.90    0.384   -9.990 
  1003001  1991.197232   31.755   64.168   674.0   668.2   13.2900   35.7250   170.59    0.384   -9.990 
  1003001  1991.197232   31.755   64.168   676.0   670.2   13.2600   35.7210   169.16    0.384   -9.990 
  1003001  1991.197232   31.755   64.168   678.0   672.2   13.2010   35.7120   167.02    0.384   -9.990 
  1003001  1991.197232   31.755   64.168   680.0   674.2   13.1760   35.7080   165.57    0.385   -9.990 
  1003001  1991.197232   31.755   64.168   682.0   676.1   13.1480   35.7020   164.34    0.385   -9.990 
  1003001  1991.197232   31.755   64.168   684.0   678.1   13.1430   35.6990   163.57    0.384   -9.990 
  1003001  1991.197232   31.755   64.168   686.0   680.1   13.1430   35.6970   162.75    0.383   -9.990 
  1003001  1991.197232   31.755   64.168   688.0   682.1   13.1120   35.6960   161.97    0.385   -9.990 
  1003001  1991.197232   31.755   64.168   690.0   684.1   13.0320   35.6880   161.26    0.385   -9.990 
  1003001  1991.197232   31.755   64.168   692.0   686.0   12.9850   35.6770   160.87    0.384   -9.990 
  1003001  1991.197232   31.755   64.168   694.0   688.0   12.8760   35.6650   160.38    0.384   -9.990 
  1003001  1991.197232   31.755   64.168   696.0   690.0   12.7830   35.6540   160.01    0.385   -9.990 
  1003001  1991.197232   31.755   64.168   698.0   692.0   12.7250   35.6480   159.37    0.385   -9.990 
  1003001  1991.197232   31.755   64.168   700.0   694.0   12.6340   35.6260   158.55    0.385   -9.990 
  1003001  1991.197232   31.755   64.168   702.0   695.9   12.5980   35.6230   158.00    0.385   -9.990 
  1003001  1991.197232   31.755   64.168   704.0   697.9   12.5850   35.6220   157.48    0.385   -9.990 
  1003001  1991.197232   31.755   64.168   706.0   699.9   12.5600   35.6200   156.88    0.383   -9.990 
  1003001  1991.197232   31.755   64.168   708.0   701.9   12.5190   35.6190   156.90    0.385   -9.990 
  1003001  1991.197232   31.755   64.168   710.0   703.8   12.5040   35.6180   157.30    0.384   -9.990 
  1003001  1991.197232   31.755   64.168   712.0   705.8   12.4520   35.6120   158.22    0.383   -9.990 
  1003001  1991.197232   31.755   64.168   714.0   707.8   12.3300   35.6060   159.43    0.383   -9.990 
  1003001  1991.197232   31.755   64.168   716.0   709.8   12.2760   35.5940   161.02    0.383   -9.990 
  1003001  1991.197232   31.755   64.168   718.0   711.8   12.2000   35.5860   162.00    0.383   -9.990 
  1003001  1991.197232   31.755   64.168   720.0   713.7   12.1670   35.5770   163.24    0.383   -9.990 
  1003001  1991.197232   31.755   64.168   722.0   715.7   12.0830   35.5700   163.97    0.383   -9.990 
  1003001  1991.197232   31.755   64.168   724.0   717.7   11.9490   35.5560   164.48    0.383   -9.990 
  1003001  1991.197232   31.755   64.168   726.0   719.7   11.8490   35.5420   164.39    0.383   -9.990 
  1003001  1991.197232   31.755   64.168   728.0   721.7   11.7660   35.5350   164.16    0.383   -9.990 
  1003001  1991.197232   31.755   64.168   730.0   723.6   11.6670   35.5180   163.66    0.383   -9.990 
  1003001  1991.197232   31.755   64.168   732.0   725.6   11.6200   35.5110   163.41    0.383   -9.990 
  1003001  1991.197232   31.755   64.168   734.0   727.6   11.6040   35.5070   163.12    0.383   -9.990 
  1003001  1991.197232   31.755   64.168   736.0   729.6   11.5860   35.5010   162.81    0.383   -9.990 
  1003001  1991.197232   31.755   64.168   738.0   731.6   11.5780   35.4970   162.56    0.383   -9.990 
  1003001  1991.197232   31.755   64.168   740.0   733.5   11.5630   35.4950   162.35    0.383   -9.990 
  1003001  1991.197232   31.755   64.168   742.0   735.5   11.5570   35.4940   162.28    0.383   -9.990 
  1003001  1991.197232   31.755   64.168   744.0   737.5   11.5120   35.4930   162.23    0.383   -9.990 
  1003001  1991.197232   31.755   64.168   746.0   739.5   11.4480   35.4780   162.09    0.383   -9.990 
  1003001  1991.197232   31.755   64.168   748.0   741.5   11.3870   35.4690   162.04    0.383   -9.990 
  1003001  1991.197232   31.755   64.168   750.0   743.4   11.3410   35.4630   161.76    0.383   -9.990 
  1003001  1991.197232   31.755   64.168   752.0   745.4   11.3230   35.4580   161.32    0.383   -9.990 
  1003001  1991.197232   31.755   64.168   754.0   747.4   11.3200   35.4570   160.73    0.383   -9.990 
  1003001  1991.197232   31.755   64.168   756.0   749.4   11.2990   35.4510   159.63    0.383   -9.990 
  1003001  1991.197232   31.755   64.168   758.0   751.3   11.2220   35.4470   159.02    0.384   -9.990 
  1003001  1991.197232   31.755   64.168   760.0   753.3   11.0860   35.4360   158.52    0.384   -9.990 
  1003001  1991.197232   31.755   64.168   762.0   755.3   10.9870   35.4240   157.91    0.383   -9.990 
  1003001  1991.197232   31.755   64.168   764.0   757.3   10.9460   35.4100   157.10    0.383   -9.990 
  1003001  1991.197232   31.755   64.168   766.0   759.3   10.9180   35.4040   156.50    0.383   -9.990 
  1003001  1991.197232   31.755   64.168   768.0   761.2   10.8710   35.4000   155.98    0.384   -9.990 
  1003001  1991.197232   31.755   64.168   770.0   763.2   10.7970   35.3930   155.45    0.384   -9.990 
  1003001  1991.197232   31.755   64.168   772.0   765.2   10.7520   35.3890   155.07    0.383   -9.990 
  1003001  1991.197232   31.755   64.168   774.0   767.2   10.7230   35.3830   154.71    0.383   -9.990 
  1003001  1991.197232   31.755   64.168   776.0   769.2   10.7160   35.3790   154.62    0.383   -9.990 
  1003001  1991.197232   31.755   64.168   778.0   771.1   10.6890   35.3780   154.75    0.383   -9.990 
  1003001  1991.197232   31.755   64.168   780.0   773.1   10.6800   35.3770   154.92    0.383   -9.990 
  1003001  1991.197232   31.755   64.168   782.0   775.1   10.6700   35.3760   155.25    0.383   -9.990 
  1003001  1991.197232   31.755   64.168   784.0   777.1   10.5950   35.3730   155.45    0.383   -9.990 
  1003001  1991.197232   31.755   64.168   786.0   779.0   10.5710   35.3700   155.80    0.383   -9.990 
  1003001  1991.197232   31.755   64.168   788.0   781.0   10.4740   35.3650   156.18    0.383   -9.990 
  1003001  1991.197232   31.755   64.168   790.0   783.0   10.4120   35.3620   156.50    0.383   -9.990 
  1003001  1991.197232   31.755   64.168   792.0   785.0   10.4030   35.3620   156.94    0.383   -9.990 
  1003001  1991.197232   31.755   64.168   794.0   787.0   10.3700   35.3530   157.63    0.383   -9.990 
  1003001  1991.197232   31.755   64.168   796.0   788.9   10.3040   35.3480   158.00    0.383   -9.990 
  1003001  1991.197232   31.755   64.168   798.0   790.9   10.2270   35.3420   158.47    0.383   -9.990 
  1003001  1991.197232   31.755   64.168   800.0   792.9   10.1790   35.3310   158.77    0.383   -9.990 
  1003001  1991.197232   31.755   64.168   802.0   794.9   10.1430   35.3280   158.84    0.383   -9.990 
  1003001  1991.197232   31.755   64.168   804.0   796.9   10.1220   35.3200   158.96    0.383   -9.990 
  1003001  1991.197232   31.755   64.168   806.0   798.8   10.0710   35.3150   159.07    0.383   -9.990 
  1003001  1991.197232   31.755   64.168   808.0   800.8   10.0600   35.3130   159.07    0.383   -9.990 
  1003001  1991.197232   31.755   64.168   810.0   802.8   10.0120   35.3120   159.06    0.383   -9.990 
  1003001  1991.197232   31.755   64.168   812.0   804.8    9.9540   35.3060   158.89    0.384   -9.990 
  1003001  1991.197232   31.755   64.168   814.0   806.7    9.8840   35.2960   158.80    0.383   -9.990 
  1003001  1991.197232   31.755   64.168   816.0   808.7    9.8490   35.2950   158.78    0.384   -9.990 
  1003001  1991.197232   31.755   64.168   818.0   810.7    9.8230   35.2940   158.66    0.383   -9.990 
  1003001  1991.197232   31.755   64.168   820.0   812.7    9.8090   35.2880   158.54    0.383   -9.990 
  1003001  1991.197232   31.755   64.168   822.0   814.7    9.7490   35.2850   158.29    0.384   -9.990 
  1003001  1991.197232   31.755   64.168   824.0   816.6    9.6910   35.2850   158.12    0.383   -9.990 
  1003001  1991.197232   31.755   64.168   826.0   818.6    9.6660   35.2820   157.96    0.383   -9.990 
  1003001  1991.197232   31.755   64.168   828.0   820.6    9.6380   35.2760   157.84    0.383   -9.990 
  1003001  1991.197232   31.755   64.168   830.0   822.6    9.6060   35.2740   157.98    0.383   -9.990 
  1003001  1991.197232   31.755   64.168   832.0   824.5    9.5430   35.2710   158.22    0.383   -9.990 
  1003001  1991.197232   31.755   64.168   834.0   826.5    9.4950   35.2650   158.39    0.383   -9.990 
  1003001  1991.197232   31.755   64.168   836.0   828.5    9.4840   35.2640   158.54    0.383   -9.990 
  1003001  1991.197232   31.755   64.168   838.0   830.5    9.4810   35.2590   158.80    0.383   -9.990 
  1003001  1991.197232   31.755   64.168   840.0   832.5    9.4640   35.2590   158.93    0.383   -9.990 
  1003001  1991.197232   31.755   64.168   842.0   834.4    9.4500   35.2550   159.06    0.383   -9.990 
  1003001  1991.197232   31.755   64.168   844.0   836.4    9.4470   35.2540   159.17    0.383   -9.990 
  1003001  1991.197232   31.755   64.168   846.0   838.4    9.4470   35.2540   159.29    0.383   -9.990 
  1003001  1991.197232   31.755   64.168   848.0   840.4    9.3960   35.2520   159.50    0.383   -9.990 
  1003001  1991.197232   31.755   64.168   850.0   842.4    9.3400   35.2440   160.03    0.383   -9.990 
  1003001  1991.197232   31.755   64.168   852.0   844.3    9.2920   35.2380   160.30    0.383   -9.990 
  1003001  1991.197232   31.755   64.168   854.0   846.3    9.2320   35.2320   160.44    0.383   -9.990 
  1003001  1991.197232   31.755   64.168   856.0   848.3    9.1230   35.2300   160.45    0.385   -9.990 
  1003001  1991.197232   31.755   64.168   858.0   850.3    9.0650   35.2120   160.37    0.384   -9.990 
  1003001  1991.197232   31.755   64.168   860.0   852.2    8.9920   35.2050   160.15    0.383   -9.990 
  1003001  1991.197232   31.755   64.168   862.0   854.2    8.9760   35.2040   160.12    0.384   -9.990 
  1003001  1991.197232   31.755   64.168   864.0   856.2    8.9590   35.2020   160.15    0.384   -9.990 
  1003001  1991.197232   31.755   64.168   866.0   858.2    8.9480   35.2010   160.25    0.384   -9.990 
  1003001  1991.197232   31.755   64.168   868.0   860.2    8.9190   35.1980   160.21    0.384   -9.990 
  1003001  1991.197232   31.755   64.168   870.0   862.1    8.8960   35.1950   160.37    0.383   -9.990 
  1003001  1991.197232   31.755   64.168   872.0   864.1    8.8820   35.1920   160.56    0.384   -9.990 
  1003001  1991.197232   31.755   64.168   874.0   866.1    8.8560   35.1900   160.91    0.385   -9.990 
  1003001  1991.197232   31.755   64.168   876.0   868.1    8.8300   35.1900   161.22    0.384   -9.990 
  1003001  1991.197232   31.755   64.168   878.0   870.0    8.7890   35.1890   161.57    0.384   -9.990 
  1003001  1991.197232   31.755   64.168   880.0   872.0    8.7120   35.1870   161.84    0.384   -9.990 
  1003001  1991.197232   31.755   64.168   882.0   874.0    8.6060   35.1810   162.33    0.384   -9.990 
  1003001  1991.197232   31.755   64.168   884.0   876.0    8.5020   35.1680   162.78    0.384   -9.990 
  1003001  1991.197232   31.755   64.168   886.0   878.0    8.4570   35.1650   162.94    0.383   -9.990 
  1003001  1991.197232   31.755   64.168   888.0   879.9    8.4390   35.1640   163.11    0.384   -9.990 
  1003001  1991.197232   31.755   64.168   890.0   881.9    8.4140   35.1640   163.37    0.384   -9.990 
  1003001  1991.197232   31.755   64.168   892.0   883.9    8.4090   35.1630   163.80    0.384   -9.990 
  1003001  1991.197232   31.755   64.168   894.0   885.9    8.3690   35.1590   164.37    0.384   -9.990 
  1003001  1991.197232   31.755   64.168   896.0   887.8    8.3510   35.1570   165.07    0.383   -9.990 
  1003001  1991.197232   31.755   64.168   898.0   889.8    8.2960   35.1560   165.67    0.386   -9.990 
  1003001  1991.197232   31.755   64.168   900.0   891.8    8.2760   35.1480   166.40    0.384   -9.990 
  1003001  1991.197232   31.755   64.168   902.0   893.8    8.2370   35.1450   166.85    0.383   -9.990 
  1003001  1991.197232   31.755   64.168   904.0   895.8    8.2040   35.1460   167.11    0.384   -9.990 
  1003001  1991.197232   31.755   64.168   906.0   897.7    8.1680   35.1450   167.60    0.384   -9.990 
  1003001  1991.197232   31.755   64.168   908.0   899.7    8.1390   35.1410   168.13    0.384   -9.990 
  1003001  1991.197232   31.755   64.168   910.0   901.7    8.1040   35.1380   168.62    0.384   -9.990 
  1003001  1991.197232   31.755   64.168   912.0   903.7    8.0770   35.1370   169.25    0.384   -9.990 
  1003001  1991.197232   31.755   64.168   914.0   905.6    8.0570   35.1350   170.09    0.383   -9.990 
  1003001  1991.197232   31.755   64.168   916.0   907.6    8.0260   35.1350   170.46    0.383   -9.990 
  1003001  1991.197232   31.755   64.168   918.0   909.6    7.9840   35.1340   170.99    0.383   -9.990 
  1003001  1991.197232   31.755   64.168   920.0   911.6    7.9130   35.1300   171.65    0.384   -9.990 
  1003001  1991.197232   31.755   64.168   922.0   913.5    7.8660   35.1300   172.16    0.383   -9.990 
  1003001  1991.197232   31.755   64.168   924.0   915.5    7.8480   35.1280   172.63    0.383   -9.990 
  1003001  1991.197232   31.755   64.168   926.0   917.5    7.7870   35.1290   173.09    0.385   -9.990 
  1003001  1991.197232   31.755   64.168   928.0   919.5    7.6790   35.1250   173.52    0.383   -9.990 
  1003001  1991.197232   31.755   64.168   930.0   921.5    7.6300   35.1200   174.03    0.383   -9.990 
  1003001  1991.197232   31.755   64.168   932.0   923.4    7.6100   35.1200   174.53    0.383   -9.990 
  1003001  1991.197232   31.755   64.168   934.0   925.4    7.6080   35.1150   175.32    0.383   -9.990 
  1003001  1991.197232   31.755   64.168   936.0   927.4    7.5730   35.1120   176.20    0.383   -9.990 
  1003001  1991.197232   31.755   64.168   938.0   929.4    7.5490   35.1120   176.81    0.383   -9.990 
  1003001  1991.197232   31.755   64.168   940.0   931.3    7.5290   35.1120   177.37    0.384   -9.990 
  1003001  1991.197232   31.755   64.168   942.0   933.3    7.5330   35.1110   178.00    0.383   -9.990 
  1003001  1991.197232   31.755   64.168   944.0   935.3    7.5120   35.1110   178.63    0.383   -9.990 
  1003001  1991.197232   31.755   64.168   946.0   937.3    7.4830   35.1110   179.41    0.383   -9.990 
  1003001  1991.197232   31.755   64.168   948.0   939.2    7.4250   35.1110   180.51    0.383   -9.990 
  1003001  1991.197232   31.755   64.168   950.0   941.2    7.3970   35.1110   180.93    0.383   -9.990 
  1003001  1991.197232   31.755   64.168   952.0   943.2    7.3840   35.1080   181.50    0.383   -9.990 
  1003001  1991.197232   31.755   64.168   954.0   945.2    7.3320   35.1080   181.93    0.383   -9.990 
  1003001  1991.197232   31.755   64.168   956.0   947.2    7.3070   35.1070   182.39    0.383   -9.990 
  1003001  1991.197232   31.755   64.168   958.0   949.1    7.2960   35.1050   183.14    0.383   -9.990 
  1003001  1991.197232   31.755   64.168   960.0   951.1    7.2580   35.1040   183.75    0.383   -9.990 
  1003001  1991.197232   31.755   64.168   962.0   953.1    7.2360   35.1020   184.32    0.383   -9.990 
  1003001  1991.197232   31.755   64.168   964.0   955.1    7.2290   35.1000   185.07    0.383   -9.990 
  1003001  1991.197232   31.755   64.168   966.0   957.0    7.2140   35.1000   185.86    0.383   -9.990 
  1003001  1991.197232   31.755   64.168   968.0   959.0    7.1290   35.1020   186.44    0.383   -9.990 
  1003001  1991.197232   31.755   64.168   970.0   961.0    7.0730   35.1010   187.00    0.383   -9.990 
  1003001  1991.197232   31.755   64.168   972.0   963.0    7.0590   35.0980   187.64    0.383   -9.990 
  1003001  1991.197232   31.755   64.168   974.0   964.9    7.0300   35.0960   188.34    0.383   -9.990 
  1003001  1991.197232   31.755   64.168   976.0   966.9    6.9990   35.0960   189.20    0.383   -9.990 
  1003001  1991.197232   31.755   64.168   978.0   968.9    6.9730   35.0960   189.68    0.383   -9.990 
  1003001  1991.197232   31.755   64.168   980.0   970.9    6.9320   35.0950   190.48    0.383   -9.990 
  1003001  1991.197232   31.755   64.168   982.0   972.9    6.9040   35.0940   190.92    0.383   -9.990 
  1003001  1991.197232   31.755   64.168   984.0   974.8    6.8640   35.0940   191.68    0.383   -9.990 
  1003001  1991.197232   31.755   64.168   986.0   976.8    6.8230   35.0910   192.53    0.383   -9.990 
  1003001  1991.197232   31.755   64.168   988.0   978.8    6.7920   35.0900   193.15    0.383   -9.990 
  1003001  1991.197232   31.755   64.168   990.0   980.8    6.7650   35.0890   193.69    0.383   -9.990 
  1003001  1991.197232   31.755   64.168   992.0   982.7    6.7580   35.0880   194.44    0.383   -9.990 
  1003001  1991.197232   31.755   64.168   994.0   984.7    6.7330   35.0850   195.23    0.383   -9.990 
  1003001  1991.197232   31.755   64.168   996.0   986.7    6.7110   35.0840   195.72    0.383   -9.990 
  1003001  1991.197232   31.755   64.168   998.0   988.7    6.6580   35.0840   196.00    0.383   -9.990 
  1003001  1991.197232   31.755   64.168  1000.0   990.6    6.6520   35.0810   196.48    0.383   -9.990 
  1003001  1991.197232   31.755   64.168  1002.0   992.6    6.6340   35.0810   196.92    0.383   -9.990 
  1003001  1991.197232   31.755   64.168  1004.0   994.6    6.6120   35.0790   197.43    0.383   -9.990 
  1003001  1991.197232   31.755   64.168  1006.0   996.6    6.5950   35.0780   198.02    0.383   -9.990 
  1003001  1991.197232   31.755   64.168  1008.0   998.6    6.5880   35.0770   198.30    0.383   -9.990 
  1003001  1991.197232   31.755   64.168  1010.0  1000.5    6.5510   35.0790   198.58    0.383   -9.990 
  1003001  1991.197232   31.755   64.168  1012.0  1002.5    6.5050   35.0800   198.96    0.382   -9.990 
  1003001  1991.197232   31.755   64.168  1014.0  1004.5    6.4700   35.0800   199.35    0.383   -9.990 
  1003001  1991.197232   31.755   64.168  1016.0  1006.5    6.4620   35.0800   199.88    0.383   -9.990 
  1003001  1991.197232   31.755   64.168  1018.0  1008.4    6.4290   35.0800   200.27    0.383   -9.990 
  1003001  1991.197232   31.755   64.168  1020.0  1010.4    6.4060   35.0800   200.75    0.383   -9.990 
  1003001  1991.197232   31.755   64.168  1022.0  1012.4    6.4020   35.0780   201.16    0.383   -9.990 
  1003001  1991.197232   31.755   64.168  1024.0  1014.4    6.4010   35.0760   201.82    0.382   -9.990 
  1003001  1991.197232   31.755   64.168  1026.0  1016.3    6.3970   35.0760   202.38    0.383   -9.990 
  1003001  1991.197232   31.755   64.168  1028.0  1018.3    6.3560   35.0800   202.85    0.383   -9.990 
  1003001  1991.197232   31.755   64.168  1030.0  1020.3    6.3330   35.0800   203.40    0.383   -9.990 
  1003001  1991.197232   31.755   64.168  1032.0  1022.3    6.3290   35.0790   203.99    0.383   -9.990 
  1003001  1991.197232   31.755   64.168  1034.0  1024.2    6.2950   35.0800   204.27    0.382   -9.990 
  1003001  1991.197232   31.755   64.168  1036.0  1026.2    6.2730   35.0810   204.89    0.383   -9.990 
  1003001  1991.197232   31.755   64.168  1038.0  1028.2    6.2470   35.0790   205.51    0.383   -9.990 
  1003001  1991.197232   31.755   64.168  1040.0  1030.2    6.2430   35.0770   205.92    0.382   -9.990 
  1003001  1991.197232   31.755   64.168  1042.0  1032.2    6.2340   35.0780   206.39    0.382   -9.990 
  1003001  1991.197232   31.755   64.168  1044.0  1034.1    6.2050   35.0790   207.21    0.383   -9.990 
  1003001  1991.197232   31.755   64.168  1046.0  1036.1    6.1730   35.0780   207.86    0.383   -9.990 
  1003001  1991.197232   31.755   64.168  1048.0  1038.1    6.1470   35.0770   208.33    0.383   -9.990 
  1003001  1991.197232   31.755   64.168  1050.0  1040.1    6.1430   35.0760   208.99    0.382   -9.990 
  1003001  1991.197232   31.755   64.168  1052.0  1042.0    6.1050   35.0760   209.36    0.383   -9.990 
  1003001  1991.197232   31.755   64.168  1054.0  1044.0    6.0910   35.0760   209.91    0.382   -9.990 
  1003001  1991.197232   31.755   64.168  1056.0  1046.0    6.0700   35.0750   210.47    0.383   -9.990 
  1003001  1991.197232   31.755   64.168  1058.0  1048.0    6.0550   35.0750   211.05    0.382   -9.990 
  1003001  1991.197232   31.755   64.168  1060.0  1049.9    6.0520   35.0730   211.70    0.381   -9.990 
  1003001  1991.197232   31.755   64.168  1062.0  1051.9    6.0460   35.0730   212.24    0.382   -9.990 
  1003001  1991.197232   31.755   64.168  1064.0  1053.9    6.0230   35.0730   212.87    0.382   -9.990 
  1003001  1991.197232   31.755   64.168  1066.0  1055.9    5.9950   35.0740   213.31    0.382   -9.990 
  1003001  1991.197232   31.755   64.168  1068.0  1057.8    5.9710   35.0740   213.56    0.382   -9.990 
  1003001  1991.197232   31.755   64.168  1070.0  1059.8    5.9630   35.0730   213.88    0.382   -9.990 
  1003001  1991.197232   31.755   64.168  1072.0  1061.8    5.9320   35.0730   214.26    0.382   -9.990 
  1003001  1991.197232   31.755   64.168  1074.0  1063.8    5.9210   35.0730   214.68    0.383   -9.990 
  1003001  1991.197232   31.755   64.168  1076.0  1065.7    5.8940   35.0730   215.10    0.382   -9.990 
  1003001  1991.197232   31.755   64.168  1078.0  1067.7    5.8780   35.0720   215.47    0.381   -9.990 
  1003001  1991.197232   31.755   64.168  1080.0  1069.7    5.8530   35.0700   216.00    0.382   -9.990 
  1003001  1991.197232   31.755   64.168  1082.0  1071.7    5.8230   35.0680   216.67    0.382   -9.990 
  1003001  1991.197232   31.755   64.168  1084.0  1073.6    5.8100   35.0680   217.39    0.381   -9.990 
  1003001  1991.197232   31.755   64.168  1086.0  1075.6    5.7990   35.0650   218.24    0.381   -9.990 
  1003001  1991.197232   31.755   64.168  1088.0  1077.6    5.7820   35.0650   218.73    0.382   -9.990 
  1003001  1991.197232   31.755   64.168  1090.0  1079.6    5.7560   35.0650   219.16    0.381   -9.990 
  1003001  1991.197232   31.755   64.168  1092.0  1081.5    5.7480   35.0650   219.46    0.382   -9.990 
  1003001  1991.197232   31.755   64.168  1094.0  1083.5    5.7450   35.0640   219.71    0.382   -9.990 
  1003001  1991.197232   31.755   64.168  1096.0  1085.5    5.7390   35.0640   220.05    0.381   -9.990 
  1003001  1991.197232   31.755   64.168  1098.0  1087.5    5.7130   35.0640   220.48    0.381   -9.990 
  1003001  1991.197232   31.755   64.168  1100.0  1089.5    5.6950   35.0640   220.79    0.381   -9.990 
  1003001  1991.197232   31.755   64.168  1102.0  1091.4    5.6950   35.0630   221.17    0.381   -9.990 
  1003001  1991.197232   31.755   64.168  1104.0  1093.4    5.6870   35.0630   221.71    0.382   -9.990 
  1003001  1991.197232   31.755   64.168  1106.0  1095.4    5.6770   35.0630   222.23    0.381   -9.990 
  1003001  1991.197232   31.755   64.168  1108.0  1097.4    5.6660   35.0630   223.08    0.381   -9.990 
  1003001  1991.197232   31.755   64.168  1110.0  1099.3    5.6560   35.0630   223.65    0.381   -9.990 
  1003001  1991.197232   31.755   64.168  1112.0  1101.3    5.6390   35.0630   224.02    0.381   -9.990 
  1003001  1991.197232   31.755   64.168  1114.0  1103.3    5.6310   35.0620   224.38    0.381   -9.990 
  1003001  1991.197232   31.755   64.168  1116.0  1105.3    5.6270   35.0620   224.65    0.381   -9.990 
  1003001  1991.197232   31.755   64.168  1118.0  1107.2    5.5910   35.0630   224.93    0.381   -9.990 
  1003001  1991.197232   31.755   64.168  1120.0  1109.2    5.5570   35.0620   225.26    0.381   -9.990 
  1003001  1991.197232   31.755   64.168  1122.0  1111.2    5.5470   35.0600   225.71    0.381   -9.990 
  1003001  1991.197232   31.755   64.168  1124.0  1113.2    5.5370   35.0590   226.06    0.381   -9.990 
  1003001  1991.197232   31.755   64.168  1126.0  1115.1    5.5300   35.0580   226.28    0.381   -9.990 
  1003001  1991.197232   31.755   64.168  1128.0  1117.1    5.5130   35.0590   226.71    0.381   -9.990 
  1003001  1991.197232   31.755   64.168  1130.0  1119.1    5.5050   35.0570   227.08    0.381   -9.990 
  1003001  1991.197232   31.755   64.168  1132.0  1121.1    5.4920   35.0560   227.44    0.381   -9.990 
  1003001  1991.197232   31.755   64.168  1134.0  1123.0    5.4770   35.0560   227.74    0.381   -9.990 
  1003001  1991.197232   31.755   64.168  1136.0  1125.0    5.4730   35.0550   228.03    0.381   -9.990 
  1003001  1991.197232   31.755   64.168  1138.0  1127.0    5.4700   35.0550   228.36    0.381   -9.990 
  1003001  1991.197232   31.755   64.168  1140.0  1129.0    5.4520   35.0550   228.66    0.380   -9.990 
  1003001  1991.197232   31.755   64.168  1142.0  1130.9    5.4480   35.0550   229.05    0.381   -9.990 
  1003001  1991.197232   31.755   64.168  1144.0  1132.9    5.4340   35.0550   229.36    0.380   -9.990 
  1003001  1991.197232   31.755   64.168  1146.0  1134.9    5.4170   35.0540   229.74    0.381   -9.990 
  1003001  1991.197232   31.755   64.168  1148.0  1136.9    5.4080   35.0530   230.01    0.381   -9.990 
  1003001  1991.197232   31.755   64.168  1150.0  1138.8    5.4030   35.0530   230.27    0.381   -9.990 
  1003001  1991.197232   31.755   64.168  1152.0  1140.8    5.3860   35.0540   230.51    0.381   -9.990 
  1003001  1991.197232   31.755   64.168  1154.0  1142.8    5.3730   35.0540   230.82    0.381   -9.990 
  1003001  1991.197232   31.755   64.168  1156.0  1144.8    5.3620   35.0530   231.30    0.381   -9.990 
  1003001  1991.197232   31.755   64.168  1158.0  1146.7    5.3530   35.0510   231.65    0.381   -9.990 
  1003001  1991.197232   31.755   64.168  1160.0  1148.7    5.3470   35.0500   231.88    0.381   -9.990 
  1003001  1991.197232   31.755   64.168  1162.0  1150.7    5.3480   35.0500   232.15    0.381   -9.990 
  1003001  1991.197232   31.755   64.168  1164.0  1152.7    5.3420   35.0490   232.38    0.381   -9.990 
  1003001  1991.197232   31.755   64.168  1166.0  1154.6    5.3300   35.0490   232.68    0.381   -9.990 
  1003001  1991.197232   31.755   64.168  1168.0  1156.6    5.3080   35.0490   233.12    0.381   -9.990 
  1003001  1991.197232   31.755   64.168  1170.0  1158.6    5.2960   35.0480   233.38    0.381   -9.990 
  1003001  1991.197232   31.755   64.168  1172.0  1160.6    5.2870   35.0480   233.66    0.381   -9.990 
  1003001  1991.197232   31.755   64.168  1174.0  1162.5    5.2790   35.0480   234.07    0.380   -9.990 
  1003001  1991.197232   31.755   64.168  1176.0  1164.5    5.2720   35.0470   234.31    0.381   -9.990 
  1003001  1991.197232   31.755   64.168  1178.0  1166.5    5.2700   35.0470   234.60    0.381   -9.990 
  1003001  1991.197232   31.755   64.168  1180.0  1168.5    5.2690   35.0480   234.91    0.381   -9.990 
  1003001  1991.197232   31.755   64.168  1182.0  1170.4    5.2690   35.0490   235.14    0.380   -9.990 
  1003001  1991.197232   31.755   64.168  1184.0  1172.4    5.2710   35.0500   235.38    0.381   -9.990 
  1003001  1991.197232   31.755   64.168  1186.0  1174.4    5.2700   35.0510   235.62    0.381   -9.990 
  1003001  1991.197232   31.755   64.168  1188.0  1176.4    5.2660   35.0520   236.03    0.380   -9.990 
  1003001  1991.197232   31.755   64.168  1190.0  1178.3    5.2640   35.0510   236.34    0.380   -9.990 
  1003001  1991.197232   31.755   64.168  1192.0  1180.3    5.2600   35.0510   236.53    0.381   -9.990 
  1003001  1991.197232   31.755   64.168  1194.0  1182.3    5.2580   35.0510   236.87    0.379   -9.990 
  1003001  1991.197232   31.755   64.168  1196.0  1184.3    5.2510   35.0510   237.11    0.380   -9.990 
  1003001  1991.197232   31.755   64.168  1198.0  1186.2    5.2430   35.0530   237.35    0.379   -9.990 
  1003001  1991.197232   31.755   64.168  1200.0  1188.2    5.2030   35.0520   237.50    0.380   -9.990 
  1003001  1991.197232   31.755   64.168  1202.0  1190.2    5.1720   35.0490   237.60    0.380   -9.990 
  1003001  1991.197232   31.755   64.168  1204.0  1192.2    5.1670   35.0490   237.64    0.382   -9.990 
  1003001  1991.197232   31.755   64.168  1206.0  1194.1    5.1710   35.0470   237.72    0.380   -9.990 
  1003001  1991.197232   31.755   64.168  1208.0  1196.1    5.1640   35.0470   237.77    0.380   -9.990 
  1003001  1991.197232   31.755   64.168  1210.0  1198.1    5.1580   35.0460   237.98    0.381   -9.990 
  1003001  1991.197232   31.755   64.168  1212.0  1200.1    5.1330   35.0460   238.22    0.381   -9.990 
  1003001  1991.197232   31.755   64.168  1214.0  1202.0    5.1140   35.0450   238.49    0.379   -9.990 
  1003001  1991.197232   31.755   64.168  1216.0  1204.0    5.0970   35.0420   238.82    0.380   -9.990 
  1003001  1991.197232   31.755   64.168  1218.0  1206.0    5.0780   35.0410   239.04    0.380   -9.990 
  1003001  1991.197232   31.755   64.168  1220.0  1208.0    5.0470   35.0400   239.28    0.380   -9.990 
  1003001  1991.197232   31.755   64.168  1222.0  1209.9    5.0390   35.0390   239.58    0.379   -9.990 
  1003001  1991.197232   31.755   64.168  1224.0  1211.9    5.0390   35.0380   239.80    0.380   -9.990 
  1003001  1991.197232   31.755   64.168  1226.0  1213.9    5.0270   35.0380   240.05    0.380   -9.990 
  1003001  1991.197232   31.755   64.168  1228.0  1215.9    5.0190   35.0360   240.37    0.379   -9.990 
  1003001  1991.197232   31.755   64.168  1230.0  1217.8    5.0010   35.0360   240.56    0.379   -9.990 
  1003001  1991.197232   31.755   64.168  1232.0  1219.8    5.0000   35.0350   240.88    0.379   -9.990 
  1003001  1991.197232   31.755   64.168  1234.0  1221.8    4.9860   35.0330   241.39    0.379   -9.990 
  1003001  1991.197232   31.755   64.168  1236.0  1223.8    4.9660   35.0310   241.72    0.379   -9.990 
  1003001  1991.197232   31.755   64.168  1238.0  1225.7    4.9460   35.0310   242.02    0.380   -9.990 
  1003001  1991.197232   31.755   64.168  1240.0  1227.7    4.9460   35.0300   242.44    0.380   -9.990 
  1003001  1991.197232   31.755   64.168  1242.0  1229.7    4.9380   35.0280   242.86    0.380   -9.990 
  1003001  1991.197232   31.755   64.168  1244.0  1231.6    4.9300   35.0270   243.24    0.380   -9.990 
  1003001  1991.197232   31.755   64.168  1246.0  1233.6    4.9240   35.0270   243.55    0.379   -9.990 
  1003001  1991.197232   31.755   64.168  1248.0  1235.6    4.9220   35.0270   243.89    0.379   -9.990 
  1003001  1991.197232   31.755   64.168  1250.0  1237.6    4.9030   35.0260   244.20    0.380   -9.990 
  1003001  1991.197232   31.755   64.168  1252.0  1239.5    4.8940   35.0260   244.39    0.379   -9.990 
  1003001  1991.197232   31.755   64.168  1254.0  1241.5    4.8940   35.0260   244.57    0.379   -9.990 
  1003001  1991.197232   31.755   64.168  1256.0  1243.5    4.8920   35.0250   244.80    0.380   -9.990 
  1003001  1991.197232   31.755   64.168  1258.0  1245.5    4.8910   35.0250   245.07    0.380   -9.990 
  1003001  1991.197232   31.755   64.168  1260.0  1247.4    4.8890   35.0250   245.24    0.379   -9.990 
  1003001  1991.197232   31.755   64.168  1262.0  1249.4    4.8880   35.0250   245.44    0.379   -9.990 
  1003001  1991.197232   31.755   64.168  1264.0  1251.4    4.8800   35.0260   245.43    0.379   -9.990 
  1003001  1991.197232   31.755   64.168  1266.0  1253.4    4.8580   35.0250   245.43    0.379   -9.990 
  1003001  1991.197232   31.755   64.168  1268.0  1255.3    4.8490   35.0240   245.43    0.379   -9.990 
  1003001  1991.197232   31.755   64.168  1270.0  1257.3    4.8430   35.0250   245.42    0.379   -9.990 
  1003001  1991.197232   31.755   64.168  1272.0  1259.3    4.8370   35.0250   245.66    0.379   -9.990 
  1003001  1991.197232   31.755   64.168  1274.0  1261.3    4.8360   35.0250   245.91    0.379   -9.990 
  1003001  1991.197232   31.755   64.168  1276.0  1263.2    4.8350   35.0240   246.12    0.379   -9.990 
  1003001  1991.197232   31.755   64.168  1278.0  1265.2    4.8330   35.0250   246.48    0.379   -9.990 
  1003001  1991.197232   31.755   64.168  1280.0  1267.2    4.8240   35.0260   246.85    0.379   -9.990 
  1003001  1991.197232   31.755   64.168  1282.0  1269.2    4.8140   35.0250   247.06    0.379   -9.990 
  1003001  1991.197232   31.755   64.168  1284.0  1271.1    4.8100   35.0240   247.27    0.379   -9.990 
  1003001  1991.197232   31.755   64.168  1286.0  1273.1    4.8080   35.0240   247.46    0.379   -9.990 
  1003001  1991.197232   31.755   64.168  1288.0  1275.1    4.8050   35.0240   247.48    0.379   -9.990 
  1003001  1991.197232   31.755   64.168  1290.0  1277.1    4.8040   35.0230   247.67    0.379   -9.990 
  1003001  1991.197232   31.755   64.168  1292.0  1279.0    4.7940   35.0230   247.85    0.379   -9.990 
  1003001  1991.197232   31.755   64.168  1294.0  1281.0    4.7840   35.0240   248.00    0.379   -9.990 
  1003001  1991.197232   31.755   64.168  1296.0  1283.0    4.7830   35.0250   248.20    0.379   -9.990 
  1003001  1991.197232   31.755   64.168  1298.0  1284.9    4.7840   35.0250   248.48    0.379   -9.990 
  1003001  1991.197232   31.755   64.168  1300.0  1286.9    4.7860   35.0260   248.64    0.379   -9.990 
  1003001  1991.197232   31.755   64.168  1302.0  1288.9    4.7880   35.0270   248.86    0.378   -9.990 
  1003001  1991.197232   31.755   64.168  1304.0  1290.9    4.7900   35.0280   249.13    0.378   -9.990 
  1003001  1991.197232   31.755   64.168  1306.0  1292.8    4.7840   35.0280   249.27    0.379   -9.990 
  1003001  1991.197232   31.755   64.168  1308.0  1294.8    4.7810   35.0290   249.48    0.379   -9.990 
  1003001  1991.197232   31.755   64.168  1310.0  1296.8    4.7750   35.0300   249.68    0.379   -9.990 
  1003001  1991.197232   31.755   64.168  1312.0  1298.8    4.7680   35.0290   249.93    0.378   -9.990 
  1003001  1991.197232   31.755   64.168  1314.0  1300.7    4.7630   35.0290   250.13    0.379   -9.990 
  1003001  1991.197232   31.755   64.168  1316.0  1302.7    4.7450   35.0290   250.33    0.379   -9.990 
  1003001  1991.197232   31.755   64.168  1318.0  1304.7    4.7370   35.0270   250.53    0.379   -9.990 
  1003001  1991.197232   31.755   64.168  1320.0  1306.7    4.7330   35.0280   250.70    0.379   -9.990 
  1003001  1991.197232   31.755   64.168  1322.0  1308.6    4.7270   35.0280   250.91    0.378   -9.990 
  1003001  1991.197232   31.755   64.168  1324.0  1310.6    4.7230   35.0280   251.07    0.378   -9.990 
  1003001  1991.197232   31.755   64.168  1326.0  1312.6    4.7150   35.0270   251.24    0.379   -9.990 
  1003001  1991.197232   31.755   64.168  1328.0  1314.6    4.6980   35.0260   251.37    0.379   -9.990 
  1003001  1991.197232   31.755   64.168  1330.0  1316.5    4.6930   35.0260   251.58    0.379   -9.990 
  1003001  1991.197232   31.755   64.168  1332.0  1318.5    4.6890   35.0260   251.75    0.378   -9.990 
  1003001  1991.197232   31.755   64.168  1334.0  1320.5    4.6720   35.0260   251.95    0.378   -9.990 
  1003001  1991.197232   31.755   64.168  1336.0  1322.4    4.6650   35.0240   252.19    0.378   -9.990 
  1003001  1991.197232   31.755   64.168  1338.0  1324.4    4.6640   35.0230   252.44    0.378   -9.990 
  1003001  1991.197232   31.755   64.168  1340.0  1326.4    4.6610   35.0230   252.54    0.378   -9.990 
  1003001  1991.197232   31.755   64.168  1342.0  1328.4    4.6570   35.0230   252.67    0.378   -9.990 
  1003001  1991.197232   31.755   64.168  1344.0  1330.3    4.6530   35.0230   252.82    0.378   -9.990 
  1003001  1991.197232   31.755   64.168  1346.0  1332.3    4.6480   35.0230   253.00    0.378   -9.990 
  1003001  1991.197232   31.755   64.168  1348.0  1334.3    4.6370   35.0230   253.15    0.378   -9.990 
  1003001  1991.197232   31.755   64.168  1350.0  1336.3    4.6330   35.0220   253.34    0.378   -9.990 
  1003001  1991.197232   31.755   64.168  1352.0  1338.2    4.6230   35.0210   253.51    0.378   -9.990 
  1003001  1991.197232   31.755   64.168  1354.0  1340.2    4.6200   35.0210   253.68    0.377   -9.990 
  1003001  1991.197232   31.755   64.168  1356.0  1342.2    4.6170   35.0200   253.88    0.378   -9.990 
  1003001  1991.197232   31.755   64.168  1358.0  1344.2    4.6160   35.0200   254.07    0.378   -9.990 
  1003001  1991.197232   31.755   64.168  1360.0  1346.1    4.6110   35.0200   254.21    0.377   -9.990 
  1003001  1991.197232   31.755   64.168  1362.0  1348.1    4.6090   35.0200   254.38    0.377   -9.990 
  1003001  1991.197232   31.755   64.168  1364.0  1350.1    4.6050   35.0190   254.60    0.378   -9.990 
  1003001  1991.197232   31.755   64.168  1366.0  1352.0    4.6020   35.0190   254.65    0.378   -9.990 
  1003001  1991.197232   31.755   64.168  1368.0  1354.0    4.5990   35.0180   254.60    0.378   -9.990 
  1003001  1991.197232   31.755   64.168  1370.0  1356.0    4.5930   35.0180   254.54    0.377   -9.990 
  1003001  1991.197232   31.755   64.168  1372.0  1358.0    4.5800   35.0180   254.51    0.378   -9.990 
  1003001  1991.197232   31.755   64.168  1374.0  1359.9    4.5750   35.0170   254.47    0.378   -9.990 
  1003001  1991.197232   31.755   64.168  1376.0  1361.9    4.5620   35.0160   254.55    0.378   -9.990 
  1003001  1991.197232   31.755   64.168  1378.0  1363.9    4.5440   35.0150   254.73    0.378   -9.990 
  1003001  1991.197232   31.755   64.168  1380.0  1365.9    4.5380   35.0140   254.98    0.378   -9.990 
  1003001  1991.197232   31.755   64.168  1382.0  1367.8    4.5380   35.0120   255.13    0.378   -9.990 
  1003001  1991.197232   31.755   64.168  1384.0  1369.8    4.5290   35.0120   255.25    0.377   -9.990 
  1003001  1991.197232   31.755   64.168  1386.0  1371.8    4.5220   35.0110   255.39    0.378   -9.990 
  1003001  1991.197232   31.755   64.168  1388.0  1373.8    4.4990   35.0110   255.51    0.379   -9.990 
  1003001  1991.197232   31.755   64.168  1390.0  1375.7    4.4860   35.0100   255.66    0.377   -9.990 
  1003001  1991.197232   31.755   64.168  1392.0  1377.7    4.4480   35.0080   255.63    0.378   -9.990 
  1003001  1991.197232   31.755   64.168  1394.0  1379.7    4.4060   35.0060   255.63    0.379   -9.990 
  1003001  1991.197232   31.755   64.168  1396.0  1381.6    4.3850   35.0040   255.82    0.379   -9.990 
  1003001  1991.197232   31.755   64.168  1398.0  1383.6    4.3760   34.9990   255.99    0.379   -9.990 
  1003001  1991.197232   31.755   64.168  1400.0  1385.6    4.3700   34.9980   256.16    0.379   -9.990 
  1003001  1991.197232   31.755   64.168  1402.0  1387.6    4.3640   34.9960   256.55    0.379   -9.990 
  1003001  1991.197232   31.755   64.168  1404.0  1389.5    4.3630   34.9950   256.86    0.378   -9.990 
  1003001  1991.197232   31.755   64.168  1406.0  1391.5    4.3610   34.9950   256.92    0.378   -9.990 
  1003001  1991.197232   31.755   64.168  1408.0  1393.5    4.3600   34.9950   257.03    0.379   -9.990 
  1003001  1991.197232   31.755   64.168  1410.0  1395.5    4.3590   34.9950   257.26    0.378   -9.990 
  1003001  1991.197232   31.755   64.168  1412.0  1397.4    4.3570   34.9950   257.45    0.379   -9.990 
  1003001  1991.197232   31.755   64.168  1414.0  1399.4    4.3560   34.9940   257.60    0.379   -9.990 
  1003001  1991.197232   31.755   64.168  1416.0  1401.4    4.3560   34.9940   257.64    0.379   -9.990 
  1003001  1991.197232   31.755   64.168  1418.0  1403.3    4.3560   34.9950   257.90    0.379   -9.990 
  1003002  1991.198649   31.807   64.241     6.0     6.0   20.3230   36.7350    -9.99    0.516    0.065 
  1003002  1991.198649   31.807   64.241     8.0     7.9   20.3240   36.7350    -9.99    0.486    0.068 
  1003002  1991.198649   31.807   64.241    10.0     9.9   20.3250   36.7360    -9.99    0.432    0.063 
  1003002  1991.198649   31.807   64.241    12.0    11.9   20.3260   36.7360    -9.99    0.437    0.065 
  1003002  1991.198649   31.807   64.241    14.0    13.9   20.3270   36.7360    -9.99    0.438    0.066 
  1003002  1991.198649   31.807   64.241    16.0    15.9   20.3270   36.7360    -9.99    0.437    0.070 
  1003002  1991.198649   31.807   64.241    18.0    17.9   20.3270   36.7360    -9.99    0.437    0.070 
  1003002  1991.198649   31.807   64.241    20.0    19.9   20.3270   36.7360    -9.99    0.437    0.073 
  1003002  1991.198649   31.807   64.241    22.0    21.8   20.3280   36.7360    -9.99    0.437    0.072 
  1003002  1991.198649   31.807   64.241    24.0    23.8   20.3280   36.7360    -9.99    0.438    0.075 
  1003002  1991.198649   31.807   64.241    26.0    25.8   20.3290   36.7360    -9.99    0.438    0.079 
  1003002  1991.198649   31.807   64.241    28.0    27.8   20.3300   36.7360    -9.99    0.437    0.081 
  1003002  1991.198649   31.807   64.241    30.0    29.8   20.3300   36.7360    -9.99    0.437    0.080 
  1003002  1991.198649   31.807   64.241    32.0    31.8   20.3300   36.7360    -9.99    0.438    0.078 
  1003002  1991.198649   31.807   64.241    34.0    33.8   20.3320   36.7360    -9.99    0.437    0.079 
  1003002  1991.198649   31.807   64.241    36.0    35.7   20.3320   36.7360    -9.99    0.437    0.080 
  1003002  1991.198649   31.807   64.241    38.0    37.7   20.3320   36.7350    -9.99    0.437    0.085 
  1003002  1991.198649   31.807   64.241    40.0    39.7   20.3330   36.7350    -9.99    0.437    0.088 
  1003002  1991.198649   31.807   64.241    42.0    41.7   20.3340   36.7350    -9.99    0.437    0.084 
  1003002  1991.198649   31.807   64.241    44.0    43.7   20.3330   36.7360    -9.99    0.437    0.083 
  1003002  1991.198649   31.807   64.241    46.0    45.7   20.3340   36.7350    -9.99    0.437    0.084 
  1003002  1991.198649   31.807   64.241    48.0    47.7   20.3350   36.7350    -9.99    0.437    0.084 
  1003002  1991.198649   31.807   64.241    50.0    49.6   20.3350   36.7350    -9.99    0.437    0.085 
  1003002  1991.198649   31.807   64.241    52.0    51.6   20.3350   36.7350    -9.99    0.437    0.090 
  1003002  1991.198649   31.807   64.241    54.0    53.6   20.3350   36.7350    -9.99    0.437    0.089 
  1003002  1991.198649   31.807   64.241    56.0    55.6   20.3350   36.7350    -9.99    0.437    0.089 
  1003002  1991.198649   31.807   64.241    58.0    57.6   20.3360   36.7350    -9.99    0.437    0.088 
  1003002  1991.198649   31.807   64.241    60.0    59.6   20.3360   36.7350    -9.99    0.442    0.088 
  1003002  1991.198649   31.807   64.241    62.0    61.6   20.3360   36.7350    -9.99    0.436    0.087 
  1003002  1991.198649   31.807   64.241    64.0    63.5   20.3370   36.7350    -9.99    0.437    0.085 
  1003002  1991.198649   31.807   64.241    66.0    65.5   20.3370   36.7350    -9.99    0.437    0.083 
  1003002  1991.198649   31.807   64.241    68.0    67.5   20.3370   36.7350    -9.99    0.436    0.085 
  1003002  1991.198649   31.807   64.241    70.0    69.5   20.3370   36.7350    -9.99    0.436    0.087 
  1003002  1991.198649   31.807   64.241    72.0    71.5   20.3370   36.7350    -9.99    0.435    0.093 
  1003002  1991.198649   31.807   64.241    74.0    73.5   20.3380   36.7340    -9.99    0.435    0.091 
  1003002  1991.198649   31.807   64.241    76.0    75.5   20.3390   36.7340    -9.99    0.435    0.089 
  1003002  1991.198649   31.807   64.241    78.0    77.4   20.3350   36.7340    -9.99    0.434    0.092 
  1003002  1991.198649   31.807   64.241    80.0    79.4   20.3380   36.7340    -9.99    0.435    0.093 
  1003002  1991.198649   31.807   64.241    82.0    81.4   20.3320   36.7330    -9.99    0.434    0.093 
  1003002  1991.198649   31.807   64.241    84.0    83.4   20.3230   36.7330    -9.99    0.431    0.099 
  1003002  1991.198649   31.807   64.241    86.0    85.4   20.3210   36.7320    -9.99    0.430    0.109 
  1003002  1991.198649   31.807   64.241    88.0    87.4   20.3160   36.7300    -9.99    0.428    0.106 
  1003002  1991.198649   31.807   64.241    90.0    89.4   20.3030   36.7270    -9.99    0.428    0.107 
  1003002  1991.198649   31.807   64.241    92.0    91.3   20.2910   36.7250    -9.99    0.428    0.109 
  1003002  1991.198649   31.807   64.241    94.0    93.3   20.2810   36.7240    -9.99    0.427    0.109 
  1003002  1991.198649   31.807   64.241    96.0    95.3   20.2730   36.7230    -9.99    0.428    0.111 
  1003002  1991.198649   31.807   64.241    98.0    97.3   20.2700   36.7220    -9.99    0.428    0.112 
  1003002  1991.198649   31.807   64.241   100.0    99.3   20.2650   36.7210    -9.99    0.427    0.111 
  1003002  1991.198649   31.807   64.241   102.0   101.3   20.2540   36.7190    -9.99    0.429    0.113 
  1003002  1991.198649   31.807   64.241   104.0   103.2   20.2440   36.7170    -9.99    0.428    0.115 
  1003002  1991.198649   31.807   64.241   106.0   105.2   20.2290   36.7140    -9.99    0.428    0.119 
  1003002  1991.198649   31.807   64.241   108.0   107.2   20.2210   36.7140    -9.99    0.426    0.124 
  1003002  1991.198649   31.807   64.241   110.0   109.2   20.2110   36.7120    -9.99    0.426    0.114 
  1003002  1991.198649   31.807   64.241   112.0   111.2   20.2010   36.7080    -9.99    0.426    0.114 
  1003002  1991.198649   31.807   64.241   114.0   113.2   20.1770   36.7060    -9.99    0.426    0.111 
  1003002  1991.198649   31.807   64.241   116.0   115.2   20.1690   36.7040    -9.99    0.424    0.105 
  1003002  1991.198649   31.807   64.241   118.0   117.1   20.1630   36.7020    -9.99    0.425    0.104 
  1003002  1991.198649   31.807   64.241   120.0   119.1   20.1470   36.7010    -9.99    0.424    0.106 
  1003002  1991.198649   31.807   64.241   122.0   121.1   20.1280   36.6990    -9.99    0.424    0.108 
  1003002  1991.198649   31.807   64.241   124.0   123.1   20.1110   36.6960    -9.99    0.423    0.110 
  1003002  1991.198649   31.807   64.241   126.0   125.1   20.1020   36.6920    -9.99    0.423    0.109 
  1003002  1991.198649   31.807   64.241   128.0   127.1   20.0960   36.6910    -9.99    0.423    0.111 
  1003002  1991.198649   31.807   64.241   130.0   129.1   20.0780   36.6890    -9.99    0.422    0.107 
  1003002  1991.198649   31.807   64.241   132.0   131.0   20.0770   36.6870    -9.99    0.422    0.109 
  1003002  1991.198649   31.807   64.241   134.0   133.0   20.0650   36.6860    -9.99    0.421    0.106 
  1003002  1991.198649   31.807   64.241   136.0   135.0   20.0430   36.6820    -9.99    0.420    0.101 
  1003002  1991.198649   31.807   64.241   138.0   137.0   20.0110   36.6750    -9.99    0.419    0.099 
  1003002  1991.198649   31.807   64.241   140.0   139.0   19.9930   36.6710    -9.99    0.418    0.102 
  1003002  1991.198649   31.807   64.241   142.0   141.0   19.9760   36.6690    -9.99    0.418    0.100 
  1003002  1991.198649   31.807   64.241   144.0   142.9   19.9650   36.6660    -9.99    0.418    0.098 
  1003002  1991.198649   31.807   64.241   146.0   144.9   19.9590   36.6650    -9.99    0.418    0.143 
  1003002  1991.198649   31.807   64.241   148.0   146.9   19.9430   36.6640    -9.99    0.415    0.117 
  1003002  1991.198649   31.807   64.241   150.0   148.9   19.9370   36.6610    -9.99    0.413    0.096 
  1003002  1991.198649   31.807   64.241   152.0   150.9   19.9290   36.6600    -9.99    0.413    0.092 
  1003002  1991.198649   31.807   64.241   154.0   152.9   19.9130   36.6590    -9.99    0.414    0.082 
  1003002  1991.198649   31.807   64.241   156.0   154.9   19.8940   36.6580    -9.99    0.411    0.074 
  1003002  1991.198649   31.807   64.241   158.0   156.8   19.8470   36.6570    -9.99    0.410    0.073 
  1003002  1991.198649   31.807   64.241   160.0   158.8   19.8140   36.6560    -9.99    0.408    0.063 
  1003002  1991.198649   31.807   64.241   162.0   160.8   19.7990   36.6530    -9.99    0.407    0.056 
  1003002  1991.198649   31.807   64.241   164.0   162.8   19.7790   36.6520    -9.99    0.406    0.057 
  1003002  1991.198649   31.807   64.241   166.0   164.8   19.7520   36.6510    -9.99    0.405    0.054 
  1003002  1991.198649   31.807   64.241   168.0   166.8   19.7180   36.6480    -9.99    0.402    0.049 
  1003002  1991.198649   31.807   64.241   170.0   168.7   19.6670   36.6440    -9.99    0.399    0.043 
  1003002  1991.198649   31.807   64.241   172.0   170.7   19.6330   36.6360    -9.99    0.399    0.031 
  1003002  1991.198649   31.807   64.241   174.0   172.7   19.6170   36.6350    -9.99    0.398    0.030 
  1003002  1991.198649   31.807   64.241   176.0   174.7   19.6020   36.6320    -9.99    0.398    0.029 
  1003002  1991.198649   31.807   64.241   178.0   176.7   19.5650   36.6300    -9.99    0.398    0.029 
  1003002  1991.198649   31.807   64.241   180.0   178.7   19.5600   36.6290    -9.99    0.397    0.026 
  1003002  1991.198649   31.807   64.241   182.0   180.7   19.5510   36.6370    -9.99    0.398    0.024 
  1003002  1991.198649   31.807   64.241   184.0   182.6   19.5390   36.6410    -9.99    0.398    0.030 
  1003002  1991.198649   31.807   64.241   186.0   184.6   19.5290   36.6410    -9.99    0.398    0.033 
  1003002  1991.198649   31.807   64.241   188.0   186.6   19.5180   36.6400    -9.99    0.398    0.035 
  1003002  1991.198649   31.807   64.241   190.0   188.6   19.4920   36.6390    -9.99    0.399    0.035 
  1003002  1991.198649   31.807   64.241   192.0   190.6   19.4560   36.6380    -9.99    0.399    0.036 
  1003002  1991.198649   31.807   64.241   194.0   192.6   19.4200   36.6370    -9.99    0.398    0.033 
  1003002  1991.198649   31.807   64.241   196.0   194.5   19.3800   36.6360    -9.99    0.397    0.030 
  1003002  1991.198649   31.807   64.241   198.0   196.5   19.3350   36.6340    -9.99    0.398    0.030 
  1003002  1991.198649   31.807   64.241   200.0   198.5   19.2790   36.6300    -9.99    0.396    0.026 
  1003002  1991.198649   31.807   64.241   202.0   200.5   19.2090   36.6260    -9.99    0.396    0.023 
  1003002  1991.198649   31.807   64.241   204.0   202.5   19.1830   36.6250    -9.99    0.395    0.023 
  1003002  1991.198649   31.807   64.241   206.0   204.5   19.1690   36.6250    -9.99    0.394    0.018 
  1003002  1991.198649   31.807   64.241   208.0   206.4   19.1440   36.6250    -9.99    0.394    0.013 
  1003002  1991.198649   31.807   64.241   210.0   208.4   19.1170   36.6260    -9.99    0.394    0.013 
  1003002  1991.198649   31.807   64.241   212.0   210.4   19.1180   36.6290    -9.99    0.394    0.013 
  1003002  1991.198649   31.807   64.241   214.0   212.4   19.1130   36.6290    -9.99    0.394    0.013 
  1003002  1991.198649   31.807   64.241   216.0   214.4   19.0750   36.6290    -9.99    0.394    0.011 
  1003002  1991.198649   31.807   64.241   218.0   216.4   18.9980   36.6220    -9.99    0.394    0.020 
  1003002  1991.198649   31.807   64.241   220.0   218.4   18.9730   36.6140    -9.99    0.393    0.021 
  1003002  1991.198649   31.807   64.241   222.0   220.3   18.9370   36.6120    -9.99    0.392    0.019 
  1003002  1991.198649   31.807   64.241   224.0   222.3   18.8740   36.6030    -9.99    0.393    0.012 
  1003002  1991.198649   31.807   64.241   226.0   224.3   18.8510   36.6040    -9.99    0.392    0.019 
  1003002  1991.198649   31.807   64.241   228.0   226.3   18.8170   36.6030    -9.99    0.391    0.018 
  1003002  1991.198649   31.807   64.241   230.0   228.3   18.7850   36.5980    -9.99    0.392    0.006 
  1003002  1991.198649   31.807   64.241   232.0   230.3   18.7510   36.5970    -9.99    0.391    0.007 
  1003002  1991.198649   31.807   64.241   234.0   232.2   18.7160   36.5920    -9.99    0.391    0.009 
  1003002  1991.198649   31.807   64.241   236.0   234.2   18.7050   36.5890    -9.99    0.390    0.007 
  1003002  1991.198649   31.807   64.241   238.0   236.2   18.6910   36.5870    -9.99    0.390    0.004 
  1003002  1991.198649   31.807   64.241   240.0   238.2   18.6760   36.5870    -9.99    0.390    0.004 
  1003002  1991.198649   31.807   64.241   242.0   240.2   18.6620   36.5870    -9.99    0.390    0.004 
  1003002  1991.198649   31.807   64.241   244.0   242.2   18.6450   36.5860    -9.99    0.390    0.006 
  1003002  1991.198649   31.807   64.241   246.0   244.1   18.6170   36.5810    -9.99    0.390    0.005 
  1003002  1991.198649   31.807   64.241   248.0   246.1   18.6100   36.5790    -9.99    0.392    0.007 
  1003002  1991.198649   31.807   64.241   250.0   248.1   18.6060   36.5770    -9.99    0.390    0.008 
  1003002  1991.198649   31.807   64.241   252.0   250.1   18.5990   36.5770    -9.99    0.390    0.008 
  1003002  1991.198649   31.807   64.241   254.0   252.1   18.5960   36.5770    -9.99    0.390    0.008 
  1003002  1991.198649   31.807   64.241   256.0   254.1   18.5920   36.5770    -9.99    0.390    0.011 
