%Cruise	Depth	Id1	Id2	Id3	yymmdd1	yymmdd2	Lat1	Lat2	Long1	Long2	C1	C2	C3	Cavg	
10003	150	   1.00	  -9.99	  -9.99	19881216	19881219	 31.74	 31.71	 64.24	 64.00	 17.85	 -9.99	 -9.99	 17.85	 
10004	150	   1.00	   2.00	  -9.99	19890125	19890128	 31.68	 31.64	 64.20	 64.27	 17.27	 15.59	 -9.99	 16.43	 
10004	200	   4.00	   5.00	  -9.99	19890125	19890128	 31.68	 31.64	 64.20	 64.27	 12.62	 13.67	 -9.99	 13.14	 
10004	300	   7.00	   8.00	  -9.99	19890125	19890128	 31.68	 31.64	 64.20	 64.27	 17.90	 14.78	 -9.99	 16.34	 
10004	400	  10.00	  11.00	  -9.99	19890125	19890128	 31.68	 31.64	 64.20	 64.27	 -9.90	  5.25	 -9.99	  5.25	 
10005	150	  13.00	  14.00	  -9.99	19890217	19890220	 31.68	 31.69	 64.20	 64.88	 59.08	 54.05	 -9.99	 56.56	 
10005	200	  16.00	  17.00	  -9.99	19890217	19890220	 31.68	 31.69	 64.20	 64.88	 30.87	 42.09	 -9.99	 36.48	 
10005	300	  19.00	  20.00	  -9.99	19890217	19890220	 31.68	 31.69	 64.20	 64.88	 24.92	 33.23	 -9.99	 29.07	 
10005	400	  22.00	  23.00	  -9.99	19890217	19890220	 31.68	 31.69	 64.20	 64.88	 17.79	 13.08	 -9.99	 15.43	 
10006	150	  25.00	  26.00	  -9.99	19890324	19890327	 31.66	 31.81	 64.19	 63.76	 30.96	 12.89	 -9.99	 21.93	 
10006	200	  28.00	  29.00	  -9.99	19890324	19890327	 31.66	 31.81	 64.19	 63.76	 14.73	 11.20	 -9.99	 12.96	 
10006	300	  31.00	  32.00	  -9.99	19890324	19890327	 31.66	 31.81	 64.19	 63.76	 10.11	 14.73	 -9.99	 12.42	 
10006	400	  34.35	  -9.99	  -9.99	19890324	19890327	 31.66	 31.81	 64.19	 63.76	  7.33	 -9.99	 -9.99	  7.33	 
10007	150	  45.00	  46.00	  -9.99	19890415	19890418	 31.54	 31.51	 64.26	 64.26	 28.13	 24.76	 -9.99	 26.45	 
10007	200	  47.00	  48.00	  -9.99	19890415	19890418	 31.54	 31.51	 64.26	 64.26	 -9.90	 42.18	 -9.99	 42.18	 
10007	300	  49.50	  -9.99	  -9.99	19890415	19890418	 31.54	 31.51	 64.26	 64.26	 26.05	 -9.99	 -9.99	 26.05	 
10007	400	  51.52	  -9.99	  -9.99	19890415	19890418	 31.54	 31.51	 64.26	 64.26	 20.85	 -9.99	 -9.99	 20.85	 
10008	150	  53.00	  54.00	  -9.99	19890515	19890518	 31.88	 32.05	 64.16	 63.61	 18.76	 -9.90	 -9.99	 18.76	 
10008	200	  55.00	  56.00	  -9.99	19890515	19890518	 31.88	 32.05	 64.16	 63.61	 16.45	 17.67	 -9.99	 17.06	 
10008	300	  57.58	  -9.99	  -9.99	19890515	19890518	 31.88	 32.05	 64.16	 63.61	  5.81	 -9.99	 -9.99	  5.81	 
10008	400	  59.00	  60.00	  -9.99	19890515	19890518	 31.88	 32.05	 64.16	 63.61	 -9.90	 22.14	 -9.99	 22.14	 
10009	150	  61.00	  62.00	  63.00	19890620	19890622	 31.75	 31.82	 64.20	 63.98	 31.23	 45.95	 25.13	 34.10	 
10009	200	  64.00	  65.00	  66.00	19890620	19890622	 31.75	 31.82	 64.20	 63.98	 28.51	 -9.90	 43.02	 35.77	 
10009	300	  73.74	  -9.99	  -9.99	19890620	19890622	 31.75	 31.82	 64.20	 63.98	 10.00	 -9.99	 -9.99	 10.00	 
10009	400	  75.76	  -9.99	  -9.99	19890620	19890622	 31.75	 31.82	 64.20	 63.98	 10.98	 -9.99	 -9.99	 10.98	 
10010	150	  77.00	  78.00	  79.00	19890718	19890721	 31.83	 32.00	 64.14	 64.28	 30.01	 39.12	 58.88	 42.67	 
10010	200	  93.00	  94.00	  95.00	19890718	19890721	 31.83	 32.00	 64.14	 64.28	 28.86	 -9.90	 -9.90	 28.86	 
10010	300	  96.00	  97.00	  -9.99	19890718	19890721	 31.83	 32.00	 64.14	 64.28	 -9.90	 17.19	 -9.99	 17.19	 
10010	400	  98.00	  99.00	  -9.99	19890718	19890721	 31.83	 32.00	 64.14	 64.28	 -9.90	 10.98	 -9.99	 10.98	 
10011	150	 104.00	 105.00	 106.00	19890814	19890817	 31.64	 31.29	 64.22	 63.92	 17.44	 22.25	 15.69	 18.46	 
10011	200	 117.12	  -9.99	  -9.99	19890814	19890817	 31.64	 31.29	 64.22	 63.92	 19.59	 -9.99	 -9.99	 19.59	 
10011	300	 119.12	  -9.99	  -9.99	19890814	19890817	 31.64	 31.29	 64.22	 63.92	  7.86	 -9.99	 -9.99	  7.86	 
10011	400	 121.12	  -9.99	  -9.99	19890814	19890817	 31.64	 31.29	 64.22	 63.92	  6.67	 -9.99	 -9.99	  6.67	 
10013	150	 135.00	 135.00	 136.00	19891019	19891020	 32.01	 32.34	 64.24	 64.15	 -9.90	 22.11	 -9.90	 22.11	 
10013	200	 138.00	 138.00	 139.00	19891019	19891020	 32.01	 32.34	 64.24	 64.15	 -9.90	 31.14	 -9.90	 31.14	 
10013	300	 142.00	 142.00	  -9.99	19891019	19891020	 32.01	 32.34	 64.24	 64.15	 -9.90	 16.97	 -9.99	 16.97	 
10013	400	 145.00	 145.00	  -9.99	19891019	19891020	 32.01	 32.34	 64.24	 64.15	 -9.90	 15.19	 -9.99	 15.19	 
10014	150	 148.00	 148.00	 149.00	19891119	19891123	 31.81	 31.86	 64.11	 64.58	 -9.90	 11.92	 -9.90	 11.92	 
10014	200	 150.15	 150.15	  -9.99	19891119	19891123	 31.81	 31.86	 64.11	 64.58	 -9.90	 17.07	 -9.99	 17.07	 
10014	300	 153.16	 153.16	  -9.99	19891119	19891123	 31.81	 31.86	 64.11	 64.58	 -9.90	 10.47	 -9.99	 10.47	 
10014	400	 156.16	 156.16	  -9.99	19891119	19891123	 31.81	 31.86	 64.11	 64.58	 -9.90	  6.79	 -9.99	  6.79	 
10016	150	 159.00	 159.00	 160.00	19900115	19900118	 31.83	 31.96	 64.17	 64.56	 -9.90	 14.96	 -9.90	 14.96	 
10016	200	 162.16	 162.16	  -9.99	19900115	19900118	 31.83	 31.96	 64.17	 64.56	 -9.90	 13.78	 -9.99	 13.78	 
10016	300	 165.17	 165.17	  -9.99	19900115	19900118	 31.83	 31.96	 64.17	 64.56	 -9.90	 17.79	 -9.99	 17.79	 
10016	400	 168.17	 168.17	  -9.99	19900115	19900118	 31.83	 31.96	 64.17	 64.56	 -9.90	  8.97	 -9.99	  8.97	 
10017	150	 171.00	 171.00	 172.00	19900214	19900217	 31.87	 32.05	 64.20	 64.32	 -9.90	 31.40	 -9.90	 31.40	 
10017	200	 174.18	 174.18	  -9.99	19900214	19900217	 31.87	 32.05	 64.20	 64.32	 -9.90	 18.24	 -9.99	 18.24	 
10017	300	 177.18	 177.18	  -9.99	19900214	19900217	 31.87	 32.05	 64.20	 64.32	 -9.90	 16.26	 -9.99	 16.26	 
10017	400	 180.18	 180.18	  -9.99	19900214	19900217	 31.87	 32.05	 64.20	 64.32	 -9.90	 12.97	 -9.99	 12.97	 
10018	150	 183.00	 183.00	 184.00	19900312	19900315	 31.86	 31.59	 64.18	 63.61	 -9.90	 16.17	 -9.90	 16.17	 
10018	200	 186.19	 186.19	  -9.99	19900312	19900315	 31.86	 31.59	 64.18	 63.61	 -9.90	 14.26	 -9.99	 14.26	 
10018	300	 189.19	 189.19	  -9.99	19900312	19900315	 31.86	 31.59	 64.18	 63.61	 -9.90	 12.65	 -9.99	 12.65	 
10018	400	 192.19	 192.19	  -9.99	19900312	19900315	 31.86	 31.59	 64.18	 63.61	 -9.90	  8.63	 -9.99	  8.63	 
10019	150	 195.00	 195.00	 196.00	19900417	19900418	 31.89	 32.01	 64.24	 64.63	 -9.90	 56.46	 -9.90	 56.46	 
10019	200	 198.20	 198.20	  -9.99	19900417	19900418	 31.89	 32.01	 64.24	 64.63	 -9.90	 16.16	 -9.99	 16.16	 
10019	300	 201.20	 201.20	  -9.99	19900417	19900418	 31.89	 32.01	 64.24	 64.63	 -9.90	 16.54	 -9.99	 16.54	 
10019	400	 204.21	 204.21	  -9.99	19900417	19900418	 31.89	 32.01	 64.24	 64.63	 -9.90	 15.30	 -9.99	 15.30	 
10020	150	 207.00	 207.00	 208.00	19900508	19900510	 31.86	 31.91	 64.20	 64.54	 -9.90	 26.90	 -9.90	 26.90	 
10020	200	 210.00	 210.00	 211.00	19900508	19900510	 31.86	 31.91	 64.20	 64.54	 -9.90	 19.48	 -9.90	 19.48	 
10020	300	 213.22	 213.22	  -9.99	19900508	19900510	 31.86	 31.91	 64.20	 64.54	 -9.90	 24.62	 -9.99	 24.62	 
10020	400	 216.22	 216.22	  -9.99	19900508	19900510	 31.86	 31.91	 64.20	 64.54	 -9.90	 13.63	 -9.99	 13.63	 
10021	150	 219.00	 219.00	 220.00	19900621	19900624	 31.87	 31.88	 64.19	 64.25	 -9.90	 30.93	 -9.90	 30.93	 
10021	200	 225.23	 225.23	  -9.99	19900621	19900624	 31.87	 31.88	 64.19	 64.25	 -9.90	 12.39	 -9.99	 12.39	 
10021	300	 228.23	 228.23	  -9.99	19900621	19900624	 31.87	 31.88	 64.19	 64.25	 -9.90	 13.50	 -9.99	 13.50	 
10021	400	 231.23	 231.23	  -9.99	19900621	19900624	 31.87	 31.88	 64.19	 64.25	 -9.90	 12.61	 -9.99	 12.61	 
10022	150	 234.00	 234.00	 235.00	19900716	19900719	 31.82	 31.96	 64.17	 64.61	 -9.90	 39.50	 -9.90	 39.50	 
10022	200	 237.24	 237.24	  -9.99	19900716	19900719	 31.82	 31.96	 64.17	 64.61	 -9.90	 18.05	 -9.99	 18.05	 
10022	300	 240.24	 240.24	  -9.99	19900716	19900719	 31.82	 31.96	 64.17	 64.61	 -9.90	 11.99	 -9.99	 11.99	 
10022	400	 243.25	 243.25	  -9.99	19900716	19900719	 31.82	 31.96	 64.17	 64.61	 -9.90	 17.10	 -9.99	 17.10	 
10023	150	 246.00	 246.00	 247.00	19900813	19900816	 31.84	 32.11	 64.16	 63.94	 -9.90	 24.11	 -9.90	 24.11	 
10023	200	 251.25	 251.25	  -9.99	19900813	19900816	 31.84	 32.11	 64.16	 63.94	 -9.90	 17.87	 -9.99	 17.87	 
10023	300	 254.26	 254.26	  -9.99	19900813	19900816	 31.84	 32.11	 64.16	 63.94	 -9.90	  9.28	 -9.99	  9.28	 
10023	400	 257.26	 257.26	  -9.99	19900813	19900816	 31.84	 32.11	 64.16	 63.94	 -9.90	  8.02	 -9.99	  8.02	 
10025	150	 274.00	 274.00	  -9.99	19901014	19901018	 31.86	 31.87	 64.17	 64.32	 -9.90	 24.57	 -9.99	 24.57	 
10025	200	 275.28	 275.28	  -9.99	19901014	19901018	 31.86	 31.87	 64.17	 64.32	 -9.90	 17.73	 -9.99	 17.73	 
10025	300	 279.28	 279.28	  -9.99	19901014	19901018	 31.86	 31.87	 64.17	 64.32	 -9.90	 22.62	 -9.99	 22.62	 
10026	150	 281.28	 281.28	  -9.99	19901105	19901108	 31.84	 31.70	 64.18	 64.28	 -9.90	 20.30	 -9.99	 20.30	 
10026	200	 284.29	 284.29	  -9.99	19901105	19901108	 31.84	 31.70	 64.18	 64.28	 -9.90	 16.08	 -9.99	 16.08	 
10026	300	 287.29	 287.29	  -9.99	19901105	19901108	 31.84	 31.70	 64.18	 64.28	 -9.90	 14.53	 -9.99	 14.53	 
10027	150	 290.29	 290.29	  -9.99	19901203	19901206	 31.81	 31.99	 64.17	 64.68	 -9.90	 18.85	 -9.99	 18.85	 
10027	200	 293.30	 293.30	  -9.99	19901203	19901206	 31.81	 31.99	 64.17	 64.68	 -9.90	 22.26	 -9.99	 22.26	 
10027	300	 296.30	 296.30	  -9.99	19901203	19901206	 31.81	 31.99	 64.17	 64.68	 -9.90	 14.66	 -9.99	 14.66	 
10028	150	 299.00	 300.00	 301.00	19910114	19910116	 31.80	 31.73	 64.15	 64.13	 22.16	 14.47	 24.28	 20.30	 
10028	200	 302.00	 303.00	 304.00	19910114	19910116	 31.80	 31.73	 64.15	 64.13	 23.97	  9.93	 15.31	 16.40	 
10028	300	 305.00	 306.00	 307.00	19910114	19910116	 31.80	 31.73	 64.15	 64.13	  8.40	  7.92	 27.37	 14.56	 
10029	150	 309.00	  -9.99	  -9.99	19910211	19910214	 31.75	 31.34	 64.15	 64.19	 37.81	 -9.99	 -9.99	 37.81	 
10029	200	 311.00	 312.00	 313.00	19910211	19910214	 31.75	 31.34	 64.15	 64.19	 21.19	 27.44	 35.71	 28.11	 
10029	300	 314.00	 315.00	 316.00	19910211	19910214	 31.75	 31.34	 64.15	 64.19	 12.84	 19.65	 16.59	 16.36	 
10030	150	   1.00	   2.00	   3.00	19910313	19910317	 31.75	 31.53	 64.17	 64.38	 15.74	 21.63	 13.36	 16.91	 
10030	200	   4.00	   5.00	   6.00	19910313	19910317	 31.75	 31.53	 64.17	 64.38	 10.84	 12.09	 18.46	 13.80	 
10030	300	   7.00	   8.00	   9.00	19910313	19910317	 31.75	 31.53	 64.17	 64.38	 14.33	 13.62	 10.52	 12.82	 
10031	150	  10.00	  11.00	  12.00	19910415	19910418	 31.74	 31.64	 64.16	 64.17	 32.50	 40.18	 49.69	 40.79	 
10031	200	  13.00	  14.00	  15.00	19910415	19910418	 31.74	 31.64	 64.16	 64.17	 26.47	 40.71	 32.35	 33.18	 
10031	300	  16.00	  17.00	  18.00	19910415	19910418	 31.74	 31.64	 64.16	 64.17	 27.96	 21.92	 28.37	 26.08	 
10032	150	  23.00	  24.00	  25.00	19910513	19910516	 31.74	 32.54	 64.14	 63.33	 11.32	 19.37	 24.45	 18.38	 
10032	200	  26.00	  27.00	  28.00	19910513	19910516	 31.74	 32.54	 64.14	 63.33	 16.49	 10.58	 33.74	 20.27	 
10032	300	  29.00	  30.00	  31.00	19910513	19910516	 31.74	 32.54	 64.14	 63.33	 10.10	  6.29	  5.77	  7.39	 
10033	150	  32.00	  33.00	  34.00	19910618	19910621	 31.77	 31.47	 64.10	 64.02	 21.00	 21.20	 19.07	 20.42	 
10033	200	  35.00	  36.00	  37.00	19910618	19910621	 31.77	 31.47	 64.10	 64.02	 13.37	 12.91	 20.92	 15.73	 
10033	300	  38.00	  39.00	  40.00	19910618	19910621	 31.77	 31.47	 64.10	 64.02	 10.42	  9.22	  9.23	  9.62	 
10034	150	  41.00	  42.00	  43.00	19910715	19910719	 31.77	 31.87	 64.17	 64.10	 39.51	 37.40	 27.74	 34.88	 
10034	200	  44.00	  45.00	  46.00	19910715	19910719	 31.77	 31.87	 64.17	 64.10	 27.71	 25.67	 26.45	 26.61	 
10034	300	  47.00	  48.00	  49.00	19910715	19910719	 31.77	 31.87	 64.17	 64.10	 15.75	 32.44	 27.90	 25.36	 
10035	150	  50.00	  51.00	  52.00	19910812	19910816	 31.75	 32.15	 64.16	 64.25	 19.04	 15.89	 17.42	 17.45	 
10035	200	  53.00	  54.00	  55.00	19910812	19910816	 31.75	 32.15	 64.16	 64.25	 16.70	 16.86	 18.55	 17.37	 
10035	300	  56.00	  57.00	  58.00	19910812	19910816	 31.75	 32.15	 64.16	 64.25	 11.52	  8.38	 11.52	 10.47	 
10036	150	  59.00	  60.00	  61.00	19910911	19910913	 31.76	 31.58	 64.17	 64.16	 12.99	 23.34	 16.20	 17.51	 
10036	200	  62.00	  63.00	  64.00	19910911	19910913	 31.76	 31.58	 64.17	 64.16	 11.94	  9.95	 14.80	 12.23	 
10036	300	  65.00	  66.00	  67.00	19910911	19910913	 31.76	 31.58	 64.17	 64.16	  6.88	 10.05	  9.66	  8.86	 
10037	150	  68.00	  69.00	  70.00	19911007	19911010	 31.75	 31.60	 64.16	 64.26	 14.18	 16.53	 15.21	 15.31	 
10037	200	  71.00	  72.00	  73.00	19911007	19911010	 31.75	 31.60	 64.16	 64.26	 12.67	  8.77	 10.54	 10.66	 
10037	300	  74.00	  75.00	  76.00	19911007	19911010	 31.75	 31.60	 64.16	 64.26	 11.85	 10.25	 10.96	 11.02	 
10038	150	  77.00	  78.00	  79.00	19911111	19911115	 31.76	 32.23	 64.16	 63.48	 14.71	 11.42	 13.92	 13.35	 
10038	200	  80.00	  81.00	  82.00	19911111	19911115	 31.76	 32.23	 64.16	 63.48	  9.27	  7.19	  5.27	  7.24	 
10038	300	  83.00	  85.00	  -9.99	19911111	19911115	 31.76	 32.23	 64.16	 63.48	  9.16	 10.08	 -9.99	  9.62	 
10039	150	  86.00	  87.00	  88.00	19911209	19911212	 31.75	 32.26	 64.17	 64.02	 13.28	  8.57	 20.70	 14.18	 
10039	200	  89.00	  90.00	  91.00	19911209	19911212	 31.75	 32.26	 64.17	 64.02	  7.40	 10.73	 11.15	  9.76	 
10039	300	  92.00	  93.00	  94.00	19911209	19911212	 31.75	 32.26	 64.17	 64.02	  5.61	  7.92	  6.98	  6.84	 
10040	150	  95.00	  96.00	  97.00	19920106	19920110	 31.74	 31.34	 64.17	 64.84	 55.69	 32.24	 58.31	 48.75	 
10040	200	  98.00	  99.00	 100.00	19920106	19920110	 31.74	 31.34	 64.17	 64.84	 41.84	 35.49	 29.40	 35.58	 
10040	300	 101.00	 102.00	 103.00	19920106	19920110	 31.74	 31.34	 64.17	 64.84	  5.78	 14.63	 11.09	 10.50	 
10041	150	 104.00	 105.00	 106.00	19920210	19920213	 31.72	 31.24	 64.19	 64.44	 35.63	 33.83	 39.18	 36.21	 
10041	200	 107.00	 108.00	 109.00	19920210	19920213	 31.72	 31.24	 64.19	 64.44	 19.92	 18.44	 22.88	 20.41	 
10041	300	 110.00	 111.00	 112.00	19920210	19920213	 31.72	 31.24	 64.19	 64.44	 14.87	 12.39	 12.52	 13.26	 
10042	150	 113.00	 114.00	 115.00	19920309	19920313	 31.74	 31.79	 64.17	 63.81	 22.43	 44.22	 26.51	 31.05	 
10042	200	 116.00	 117.00	 118.00	19920309	19920313	 31.74	 31.79	 64.17	 63.81	 29.26	 21.51	 23.19	 24.65	 
10042	300	 119.00	 120.00	 121.00	19920309	19920313	 31.74	 31.79	 64.17	 63.81	 23.10	 15.83	 18.83	 19.25	 
10043	150	 122.00	 123.00	 124.00	19920420	19920424	 31.76	 31.08	 64.22	 64.66	 24.98	 10.52	 22.96	 19.49	 
10043	200	 125.00	 126.00	 127.00	19920420	19920424	 31.76	 31.08	 64.22	 64.66	 29.66	 17.83	 26.55	 24.68	 
10043	300	 128.00	 129.00	 130.00	19920420	19920424	 31.76	 31.08	 64.22	 64.66	 22.63	 14.17	  7.78	 14.86	 
10044	150	 135.00	 136.00	 137.00	19920518	19920523	 31.74	 31.55	 64.17	 65.14	 18.38	 20.56	 23.17	 20.70	 
10044	200	 138.00	 139.00	 140.00	19920518	19920523	 31.74	 31.55	 64.17	 65.14	 21.03	 16.09	 13.32	 16.81	 
10044	300	 141.00	 142.00	 143.00	19920518	19920523	 31.74	 31.55	 64.17	 65.14	  8.67	 12.01	 10.67	 10.45	 
10045	150	 144.00	 145.00	 146.00	19920616	19920619	 31.74	 30.69	 64.16	 64.86	 10.46	  8.46	 12.09	 10.34	 
10045	200	 147.00	 148.00	 149.00	19920616	19920619	 31.74	 30.69	 64.16	 64.86	 17.21	  8.29	  8.22	 11.24	 
10045	300	 150.00	 151.00	 152.00	19920616	19920619	 31.74	 30.69	 64.16	 64.86	 10.58	  4.14	  6.06	  6.93	 
10046	150	 153.00	 154.00	 155.00	19920713	19920717	 31.75	 31.77	 64.16	 64.70	 17.42	 17.14	 14.17	 16.24	 
10046	200	 156.00	 157.00	 158.00	19920713	19920717	 31.75	 31.77	 64.16	 64.70	 12.49	 30.39	 12.53	 18.47	 
10046	300	 159.00	 160.00	 161.00	19920713	19920717	 31.75	 31.77	 64.16	 64.70	  9.96	 13.71	  8.47	 10.71	 
10047	150	 162.00	 163.00	 164.00	19920817	19920821	 31.76	 31.79	 64.17	 64.14	 19.95	 29.72	 14.59	 21.42	 
10047	200	 165.00	 166.00	 167.00	19920817	19920821	 31.76	 31.79	 64.17	 64.14	 15.35	 15.04	 10.03	 13.47	 
10047	300	 168.00	 169.00	 170.00	19920817	19920821	 31.76	 31.79	 64.17	 64.14	  4.67	  4.82	  7.19	  5.56	 
10048	150	 171.00	 172.00	 173.00	19920914	19920917	 31.73	 31.25	 64.17	 64.00	 13.31	 11.79	  9.13	 11.41	 
10048	200	 174.00	 175.00	 176.00	19920914	19920917	 31.73	 31.25	 64.17	 64.00	  8.51	  5.11	 11.16	  8.26	 
10048	300	 177.00	 178.00	 179.00	19920914	19920917	 31.73	 31.25	 64.17	 64.00	  4.22	  5.83	  4.91	  4.99	 
10049	150	 180.00	 181.00	 182.00	19921013	19921017	 31.67	 32.17	 64.15	 63.65	 12.52	 14.44	 13.19	 13.38	 
10049	200	 183.00	 184.00	 185.00	19921013	19921017	 31.67	 32.17	 64.15	 63.65	  6.08	 11.71	  9.76	  9.18	 
10049	300	 186.00	 187.00	 188.00	19921013	19921017	 31.67	 32.17	 64.15	 63.65	  7.49	  5.88	  6.22	  6.53	 
10050	150	 189.00	 190.00	 191.00	19921109	19921112	 31.73	 31.29	 64.16	 64.31	 10.45	  7.53	 19.47	 12.48	 
10050	200	 192.00	 193.00	 194.00	19921109	19921112	 31.73	 31.29	 64.16	 64.31	  6.34	 11.40	 14.49	 10.74	 
10050	300	 195.00	 196.00	 197.00	19921109	19921112	 31.73	 31.29	 64.16	 64.31	  8.44	  7.10	 10.25	  8.60	 
10051	150	 198.00	 199.00	 200.00	19921207	19921210	 31.75	 31.74	 64.16	 64.14	 11.70	 12.06	  6.06	  9.94	 
10051	200	 201.00	 202.00	 203.00	19921207	19921210	 31.75	 31.74	 64.16	 64.14	 14.37	 11.04	  9.35	 11.59	 
10051	300	 204.00	 205.00	 206.00	19921207	19921210	 31.75	 31.74	 64.16	 64.14	  8.42	  8.99	  2.52	  6.64	 
10052	150	 207.00	 208.00	 209.00	19930111	19930114	 31.84	 32.07	 64.06	 64.61	 12.32	  9.91	 17.80	 13.34	 
10052	200	 210.00	 211.00	 212.00	19930111	19930114	 31.84	 32.07	 64.06	 64.61	  4.63	  4.41	  7.54	  5.53	 
10052	300	 213.00	 214.00	 215.00	19930111	19930114	 31.84	 32.07	 64.06	 64.61	  4.61	  6.96	  5.41	  5.66	 
10053	150	 216.00	 217.00	 218.00	19930208	19930210	 31.78	 32.14	 64.18	 64.68	 11.95	  7.33	 10.71	 10.00	 
10053	200	 219.00	 220.00	 221.00	19930208	19930210	 31.78	 32.14	 64.18	 64.68	 14.51	  8.82	  4.98	  9.44	 
10053	300	 222.00	 223.00	 224.00	19930208	19930210	 31.78	 32.14	 64.18	 64.68	  4.21	 18.81	  3.32	  8.78	 
10054	150	 225.00	 226.00	 227.00	19930309	19930313	 31.82	 32.19	 64.19	 64.59	 60.83	 90.34	 77.17	 76.11	 
10054	200	 228.00	 229.00	 230.00	19930309	19930313	 31.82	 32.19	 64.19	 64.59	 42.22	 40.29	 39.58	 40.70	 
10054	300	 231.00	 232.00	 233.00	19930309	19930313	 31.82	 32.19	 64.19	 64.59	 13.55	 19.63	 13.31	 15.50	 
10055	150	 234.00	 235.00	 236.00	19930413	19930416	 31.81	 32.05	 64.18	 64.24	 14.16	 27.78	 14.37	 18.77	 
10055	200	 237.00	 238.00	 239.00	19930413	19930416	 31.81	 32.05	 64.18	 64.24	  9.41	 10.14	  6.00	  8.52	 
10055	300	 240.00	 241.00	 242.00	19930413	19930416	 31.81	 32.05	 64.18	 64.24	  9.81	 25.47	 12.82	 16.03	 
10056	150	 243.00	 244.00	 245.00	19930508	19930511	 31.83	 31.62	 64.16	 64.55	 22.23	 14.59	 19.32	 18.71	 
10056	200	 246.00	 247.00	 248.00	19930508	19930511	 31.83	 31.62	 64.16	 64.55	 20.18	 16.24	 10.75	 15.72	 
10056	300	 249.00	 250.00	 251.00	19930508	19930511	 31.83	 31.62	 64.16	 64.55	  7.09	  8.20	 10.24	  8.51	 
10057	150	 253.00	 254.00	 255.00	19930613	19930616	 31.75	 31.64	 64.17	 63.60	 10.57	 15.02	  6.53	 10.71	 
10057	200	 256.00	 257.00	 258.00	19930613	19930616	 31.75	 31.64	 64.17	 63.60	  3.45	  4.82	  5.79	  4.69	 
10057	300	 259.00	 260.00	 261.00	19930613	19930616	 31.75	 31.64	 64.17	 63.60	  3.75	  6.30	  5.31	  5.12	 
10058	150	 262.00	 263.00	 264.00	19930712	19930717	 31.76	 31.97	 64.16	 63.09	 24.41	 19.37	 25.90	 23.23	 
10058	200	 265.00	 266.00	 267.00	19930712	19930717	 31.76	 31.97	 64.16	 63.09	  9.55	 13.56	 13.29	 12.13	 
10058	300	 268.00	 269.00	 270.00	19930712	19930717	 31.76	 31.97	 64.16	 63.09	  6.71	  8.28	  8.95	  7.98	 
10059	150	 271.00	 272.00	 273.00	19930816	19930819	 31.75	 31.68	 64.16	 64.89	 20.81	 29.26	 19.54	 23.20	 
10059	200	 274.00	 275.00	 276.00	19930816	19930819	 31.75	 31.68	 64.16	 64.89	 18.51	 14.96	 11.87	 15.11	 
10059	300	 277.00	 278.00	 279.00	19930816	19930819	 31.75	 31.68	 64.16	 64.89	  9.32	 11.23	 -9.99	 10.28	 
10060	150	 280.00	 281.00	 282.00	19930913	19930917	 31.74	 31.67	 64.17	 64.05	 16.54	 20.39	 24.98	 20.64	 
10060	200	 283.00	 284.00	 285.00	19930913	19930917	 31.74	 31.67	 64.17	 64.05	 13.74	  9.66	  9.73	 11.04	 
10060	300	 286.00	 287.00	 288.00	19930913	19930917	 31.74	 31.67	 64.17	 64.05	  8.24	  6.91	  8.60	  7.92	 
10061	150	 289.00	 290.00	 291.00	19931011	19931014	 31.74	 31.39	 64.17	 64.32	 21.60	 19.78	 17.73	 19.70	 
10061	200	 292.00	 293.00	 294.00	19931011	19931014	 31.74	 31.39	 64.17	 64.32	 -9.99	 -9.99	 -9.99	 -9.99	 
10061	300	 295.00	 296.00	 297.00	19931011	19931014	 31.74	 31.39	 64.17	 64.32	  2.70	  5.71	 12.43	  6.95	 
10062	150	 298.00	 299.00	 300.00	19931108	19931112	 31.75	 31.57	 64.17	 64.49	 15.98	  9.45	 10.96	 12.13	 
10062	200	 301.00	 302.00	 303.00	19931108	19931112	 31.75	 31.57	 64.17	 64.49	  5.26	  5.62	  6.89	  5.92	 
10062	300	 304.00	 305.00	 306.00	19931108	19931112	 31.75	 31.57	 64.17	 64.49	  3.71	  6.47	  3.65	  4.61	 
10063	150	 307.00	 308.00	 309.00	19931206	19931210	 31.75	 32.48	 64.17	 64.21	  9.70	  8.30	  8.05	  8.68	 
10063	200	 310.00	 311.00	 312.00	19931206	19931210	 31.75	 32.48	 64.17	 64.21	 15.87	  7.34	  2.80	  8.67	 
10063	300	 313.00	 314.00	 315.00	19931206	19931210	 31.75	 32.48	 64.17	 64.21	  4.34	  5.08	  4.22	  4.55	 
10064	150	 316.00	 317.00	 318.00	19940111	19940117	 31.73	 30.92	 64.18	 64.51	  9.89	 14.37	 13.88	 12.71	 
10064	200	 319.00	 320.00	 321.00	19940111	19940117	 31.73	 30.92	 64.18	 64.51	  8.49	 10.08	 12.06	 10.21	 
10064	300	 322.00	 323.00	 324.00	19940111	19940117	 31.73	 30.92	 64.18	 64.51	  4.28	  7.50	  6.32	  6.03	 
10065	150	 325.00	 326.00	 327.00	19940215	19940219	 31.75	 31.82	 64.18	 64.69	 25.42	 23.41	 22.57	 23.80	 
10065	200	 328.00	 329.00	 330.00	19940215	19940219	 31.75	 31.82	 64.18	 64.69	 15.22	 16.99	 18.15	 16.79	 
10065	300	 331.00	 332.00	 333.00	19940215	19940219	 31.75	 31.82	 64.18	 64.69	  9.32	 14.15	  8.56	 10.68	 
10066	150	 334.00	 335.00	 336.00	19940314	19940321	 31.75	 31.40	 64.17	 64.34	 50.06	 71.27	 69.43	 63.59	 
10066	200	 337.00	 338.00	 339.00	19940314	19940321	 31.75	 31.40	 64.17	 64.34	 76.10	 61.57	 64.22	 67.30	 
10066	300	 340.00	 341.00	 342.00	19940314	19940321	 31.75	 31.40	 64.17	 64.34	 55.28	 77.08	 62.29	 64.88	 
10067	150	 343.00	 344.00	 345.00	19940418	19940421	 31.76	 31.87	 64.16	 64.12	 19.30	 14.21	 34.28	 22.60	 
10067	200	 346.00	 347.00	 348.00	19940418	19940421	 31.76	 31.87	 64.16	 64.12	 17.24	 19.52	 16.07	 17.61	 
10067	300	 349.00	 350.00	 351.00	19940418	19940421	 31.76	 31.87	 64.16	 64.12	 11.77	  6.43	  6.38	  8.19	 
10068	150	 352.00	 353.00	 354.00	19940516	19940520	 31.75	 32.26	 64.16	 63.46	 28.32	 23.36	 13.90	 21.86	 
10068	200	 355.00	 356.00	 357.00	19940516	19940520	 31.75	 32.26	 64.16	 63.46	 25.75	 24.57	 13.17	 21.16	 
10068	300	 358.00	 359.00	 360.00	19940516	19940520	 31.75	 32.26	 64.16	 63.46	 14.74	 18.02	 22.09	 18.28	 
10069	150	 361.00	 362.00	 363.00	19940613	19940616	 31.76	 31.66	 64.17	 63.70	 18.36	 15.14	 16.93	 16.81	 
10069	200	 364.00	 365.00	 366.00	19940613	19940616	 31.76	 31.66	 64.17	 63.70	 14.34	 25.12	 24.19	 21.22	 
10069	300	 367.00	 368.00	 369.00	19940613	19940616	 31.76	 31.66	 64.17	 63.70	 14.92	 21.77	 14.25	 16.98	 
10070	150	 370.00	 371.00	 372.00	19940718	19940721	 31.58	 31.40	 64.16	 64.27	 44.38	 22.24	 26.29	 30.97	 
10070	200	 373.00	 374.00	 375.00	19940718	19940721	 31.58	 31.40	 64.16	 64.27	 51.66	 33.62	 19.30	 34.86	 
10070	300	 376.00	 377.00	 378.00	19940718	19940721	 31.58	 31.40	 64.16	 64.27	 11.04	 16.38	 12.79	 13.40	 
10071	150	 379.00	 380.00	 381.00	19940815	19940819	 31.58	 31.68	 64.18	 64.53	 25.06	 30.14	 28.01	 27.74	 
10071	200	 382.00	 383.00	 384.00	19940815	19940819	 31.58	 31.68	 64.18	 64.53	 31.49	 42.44	 18.65	 30.86	 
10071	300	 385.00	 386.00	 387.00	19940815	19940819	 31.58	 31.68	 64.18	 64.53	 11.78	 14.00	 16.78	 14.19	 
10072	150	 388.00	 389.00	 390.00	19940919	19940922	 31.59	 31.94	 64.18	 64.51	 31.67	 31.53	 33.85	 32.35	 
10072	200	 391.00	 392.00	 393.00	19940919	19940922	 31.59	 31.94	 64.18	 64.51	 15.01	 21.70	 17.40	 18.04	 
10072	300	 394.00	 395.00	 396.00	19940919	19940922	 31.59	 31.94	 64.18	 64.51	 12.20	 12.14	 23.47	 15.94	 
10073	150	 397.00	 398.00	 399.00	19941018	19941022	 31.58	 31.42	 64.15	 64.72	 14.77	  7.07	  9.17	 10.34	 
10073	200	 400.00	 401.00	 402.00	19941018	19941022	 31.58	 31.42	 64.15	 64.72	 27.03	 11.98	 12.00	 17.00	 
10073	300	 403.00	 404.00	 405.00	19941018	19941022	 31.58	 31.42	 64.15	 64.72	  6.69	  7.86	  6.41	  6.99	 
10074	150	 406.00	 407.00	 408.00	19941114	19941117	 31.59	 31.62	 64.17	 64.20	 28.23	 29.28	 22.90	 26.80	 
10074	200	 409.00	 410.00	 411.00	19941114	19941117	 31.59	 31.62	 64.17	 64.20	 22.19	 20.86	 16.37	 19.81	 
10074	300	 412.00	 413.00	 414.00	19941114	19941117	 31.59	 31.62	 64.17	 64.20	  6.38	  8.04	  8.51	  7.64	 
10075	150	 415.00	 416.00	 417.00	19941208	19941212	 31.58	 31.89	 64.17	 64.70	 18.27	 19.80	 16.86	 18.31	 
10075	200	 418.00	 419.00	 420.00	19941208	19941212	 31.58	 31.89	 64.17	 64.70	 17.32	 10.65	 11.78	 13.25	 
10075	300	 421.00	 422.00	 423.00	19941208	19941212	 31.58	 31.89	 64.17	 64.70	 15.69	  6.37	 12.92	 11.66	 
10076	150	 424.00	 425.00	 426.00	19950110	19950113	 31.59	 31.44	 64.16	 64.30	 12.95	 14.32	  7.62	 11.63	 
10076	200	 427.00	 428.00	 429.00	19950110	19950113	 31.59	 31.44	 64.16	 64.30	  8.98	 18.64	 14.25	 13.96	 
10076	300	 430.00	 431.00	 432.00	19950110	19950113	 31.59	 31.44	 64.16	 64.30	  4.40	  5.97	  8.95	  6.44	 
10077	150	 433.00	 434.00	 435.00	19950213	19950216	 31.59	 31.63	 64.17	 64.26	 42.19	 53.68	 58.35	 51.41	 
10077	200	 436.00	 437.00	 438.00	19950213	19950216	 31.59	 31.63	 64.17	 64.26	 46.21	 41.39	 34.97	 40.86	 
10077	300	 439.00	 440.00	 441.00	19950213	19950216	 31.59	 31.63	 64.17	 64.26	 18.11	 12.14	 17.51	 15.92	 
10078	150	 442.00	 443.00	 444.00	19950313	19950316	 31.59	 31.44	 64.17	 64.61	 39.40	 46.94	 43.39	 43.24	 
10078	200	 445.00	 446.00	 447.00	19950313	19950316	 31.59	 31.44	 64.17	 64.61	 41.18	 38.14	 42.39	 40.57	 
10078	300	 448.00	 449.00	 450.00	19950313	19950316	 31.59	 31.44	 64.17	 64.61	 31.10	 32.56	 34.44	 32.70	 
10079	150	 451.00	 452.00	 453.00	19950410	19950413	 31.58	 31.91	 64.16	 64.41	 19.85	 18.81	 18.08	 18.91	 
10079	200	 454.00	 455.00	 456.00	19950410	19950413	 31.58	 31.91	 64.16	 64.41	 20.00	 25.85	 14.12	 19.99	 
10079	300	 457.00	 458.00	 459.00	19950410	19950413	 31.58	 31.91	 64.16	 64.41	 15.22	  9.50	 12.79	 12.50	 
10080	150	 460.00	 461.00	 462.00	19950510	19950513	 31.59	 31.43	 64.17	 64.34	 21.38	 30.63	 28.98	 27.00	 
10080	200	 463.00	 464.00	 465.00	19950510	19950513	 31.59	 31.43	 64.17	 64.34	 23.19	 19.21	 13.51	 18.64	 
10080	300	 466.00	 467.00	 468.00	19950510	19950513	 31.59	 31.43	 64.17	 64.34	  9.36	 13.27	 13.74	 12.12	 
10081	150	 469.00	 470.00	 471.00	19950612	19950615	 31.59	 31.90	 64.17	 63.21	 20.64	 26.28	 21.91	 22.94	 
10081	200	 472.00	 473.00	 474.00	19950612	19950615	 31.59	 31.90	 64.17	 63.21	 19.27	 20.55	 17.97	 19.26	 
10081	300	 475.00	 476.00	 477.00	19950612	19950615	 31.59	 31.90	 64.17	 63.21	 26.89	 10.22	 16.07	 17.73	 
10082	150	 478.00	 479.00	 480.00	19950710	19950713	 31.58	 31.73	 64.17	 63.97	 21.93	 20.48	 20.63	 21.01	 
10082	200	 481.00	 482.00	 483.00	19950710	19950713	 31.58	 31.73	 64.17	 63.97	 16.42	 30.66	 15.47	 20.85	 
10082	300	 484.00	 485.00	 486.00	19950710	19950713	 31.58	 31.73	 64.17	 63.97	 14.23	 11.43	 14.25	 13.30	 
10083	150	 487.00	 488.00	 489.00	19950818	19950822	 31.57	 31.74	 64.17	 64.56	 17.18	 23.72	 24.33	 21.74	 
10083	200	 490.00	 491.00	 492.00	19950818	19950822	 31.57	 31.74	 64.17	 64.56	 17.12	 17.89	 15.04	 16.68	 
10083	300	 493.00	 494.00	 495.00	19950818	19950822	 31.57	 31.74	 64.17	 64.56	 13.70	 12.21	 12.72	 12.88	 
10084	150	 496.00	 497.00	 498.00	19950911	19950914	 31.58	 31.19	 64.17	 64.17	 -9.99	 22.83	 19.11	 20.97	 
10084	200	 499.00	 500.00	 501.00	19950911	19950914	 31.58	 31.19	 64.17	 64.17	 13.86	 12.49	 -9.99	 13.18	 
10084	300	 502.00	 503.00	 504.00	19950911	19950914	 31.58	 31.19	 64.17	 64.17	 15.46	  6.92	 -9.99	 11.19	 
10085	150	 505.00	 506.00	 507.00	19951010	19951014	 31.58	 32.19	 64.17	 64.33	 18.10	 -9.99	 -9.99	 18.10	 
10085	200	 508.00	 509.00	 510.00	19951010	19951014	 31.58	 32.19	 64.17	 64.33	 14.17	 11.43	  9.14	 11.58	 
10085	300	 511.00	 512.00	 513.00	19951010	19951014	 31.58	 32.19	 64.17	 64.33	 13.08	  4.91	  7.98	  8.66	 
10086	150	 514.00	 515.00	 516.00	19951106	19951110	 31.57	 30.88	 64.17	 64.63	 19.61	 15.49	 24.97	 20.02	 
10086	200	 517.00	 518.00	 519.00	19951106	19951110	 31.57	 30.88	 64.17	 64.63	 23.96	 23.40	 14.55	 20.64	 
10086	300	 520.00	 521.00	 522.00	19951106	19951110	 31.57	 30.88	 64.17	 64.63	 22.21	 13.61	 16.16	 17.33	 
10087	150	 523.00	 524.00	 525.00	19951214	19951216	 31.59	 31.72	 64.16	 64.97	 21.07	 20.77	 21.49	 21.11	 
10087	200	 526.00	 527.00	 528.00	19951214	19951216	 31.59	 31.72	 64.16	 64.97	 22.21	 13.24	 13.78	 16.41	 
10087	300	 529.00	 530.00	 531.00	19951214	19951216	 31.59	 31.72	 64.16	 64.97	 10.59	 14.99	 16.43	 14.00	 
10088	150	 532.00	 533.00	 534.00	19960127	19960131	 31.58	 31.20	 64.17	 64.20	 47.79	 32.82	 79.47	 53.36	 
10088	200	 535.00	 536.00	 537.00	19960127	19960131	 31.58	 31.20	 64.17	 64.20	 33.31	 37.02	 47.20	 39.18	 
10088	300	 538.00	 539.00	 540.00	19960127	19960131	 31.58	 31.20	 64.17	 64.20	  9.45	 20.13	 31.14	 20.24	 
10089	150	 541.00	 542.00	 543.00	19960212	19960215	 31.58	 31.36	 64.17	 64.20	 36.30	 46.48	 47.03	 43.27	 
10089	200	 544.00	 545.00	 546.00	19960212	19960215	 31.58	 31.36	 64.17	 64.20	 32.25	 34.22	 48.92	 38.46	 
10089	300	 547.00	 548.00	 549.00	19960212	19960215	 31.58	 31.36	 64.17	 64.20	  9.08	 13.18	 16.39	 12.88	 
10090	150	 550.00	 551.00	 552.00	19960313	19960316	 31.59	 31.43	 64.16	 64.65	 20.11	 26.09	 27.35	 24.52	 
10090	200	 553.00	 554.00	 555.00	19960313	19960316	 31.59	 31.43	 64.16	 64.65	 11.59	 33.34	 21.08	 22.00	 
10090	300	 556.00	 557.00	 558.00	19960313	19960316	 31.59	 31.43	 64.16	 64.65	 13.58	 34.16	 -9.99	 23.87	 
10091	150	 559.00	 560.00	 561.00	19960408	19960412	 31.58	 31.39	 64.18	 64.34	 29.98	 22.00	 33.57	 28.52	 
10091	200	 562.00	 563.00	 564.00	19960408	19960412	 31.58	 31.39	 64.18	 64.34	 14.98	 16.83	 12.65	 14.82	 
10091	300	 565.00	 566.00	 567.00	19960408	19960412	 31.58	 31.39	 64.18	 64.34	 10.58	 22.67	 17.45	 16.90	 
10092	150	 568.00	 569.00	 570.00	19960506	19960510	 31.57	 31.23	 64.16	 63.71	 24.69	 18.05	 15.04	 19.26	 
10092	200	 571.00	 572.00	 573.00	19960506	19960510	 31.57	 31.23	 64.16	 63.71	 16.14	 22.25	 13.30	 17.23	 
10092	300	 574.00	 575.00	 576.00	19960506	19960510	 31.57	 31.23	 64.16	 63.71	  9.88	 13.92	 18.01	 13.94	 
10093	150	 577.00	 578.00	 579.00	19960610	19960614	 31.58	 30.59	 64.17	 64.08	 24.56	 29.17	 41.18	 31.64	 
10093	200	 580.00	 581.00	 582.00	19960610	19960614	 31.58	 30.59	 64.17	 64.08	 19.39	 19.57	 17.94	 18.97	 
10093	300	 583.00	 584.00	 585.00	19960610	19960614	 31.58	 30.59	 64.17	 64.08	 12.92	  8.14	  9.59	 10.22	 
10094	150	 586.00	 587.00	 588.00	19960708	19960712	 31.58	 31.14	 64.17	 64.33	 22.23	 27.12	 16.52	 21.96	 
10094	200	 589.00	 590.00	 591.00	19960708	19960712	 31.58	 31.14	 64.17	 64.33	 19.69	 24.62	 21.31	 21.87	 
10094	300	 592.00	 593.00	 594.00	19960708	19960712	 31.58	 31.14	 64.17	 64.33	 22.59	 33.99	 28.56	 28.38	 
10095	150	 599.00	 600.00	 601.00	19960805	19960809	 31.58	 31.96	 64.16	 64.27	 30.89	 22.10	 34.96	 29.32	 
10095	200	 602.00	 603.00	 604.00	19960805	19960809	 31.58	 31.96	 64.16	 64.27	 11.66	 13.71	 16.74	 14.04	 
10095	300	 605.00	 606.00	 607.00	19960805	19960809	 31.58	 31.96	 64.16	 64.27	 15.63	 17.60	 10.36	 14.53	 
10096	150	 608.00	 609.00	 610.00	19960902	19960906	 31.57	 31.92	 64.15	 63.98	 -9.99	 22.83	 23.28	 23.05	 
10096	200	 611.00	 612.00	 613.00	19960902	19960906	 31.57	 31.92	 64.15	 63.98	 23.02	 22.69	 25.63	 23.78	 
10096	300	 614.00	 615.00	 616.00	19960902	19960906	 31.57	 31.92	 64.15	 63.98	 15.50	 13.09	 14.59	 14.39	 
10097	150	 617.00	 618.00	 619.00	19961008	19961012	 31.57	 31.48	 64.16	 64.57	 25.65	 20.57	 35.39	 27.20	 
10097	200	 620.00	 621.00	 622.00	19961008	19961012	 31.57	 31.48	 64.16	 64.57	 12.43	 14.41	 13.26	 13.37	 
10097	300	 623.00	 624.00	 625.00	19961008	19961012	 31.57	 31.48	 64.16	 64.57	 10.38	 13.35	 25.43	 16.39	 
10098	150	 626.00	 627.00	 628.00	19961105	19961108	 31.58	 31.90	 64.17	 64.68	 17.08	 23.26	 26.84	 22.39	 
10098	200	 629.00	 630.00	 631.00	19961105	19961108	 31.58	 31.90	 64.17	 64.68	 13.74	 21.89	 19.47	 18.37	 
10098	300	 632.00	 633.00	 634.00	19961105	19961108	 31.58	 31.90	 64.17	 64.68	 16.79	 19.58	 10.33	 15.57	 
10099	150	 635.00	 636.00	 637.00	19961211	19961214	 31.58	 31.48	 64.17	 64.33	 78.23	 73.31	 67.78	 73.11	 
10099	200	 638.00	 639.00	 640.00	19961211	19961214	 31.58	 31.48	 64.17	 64.33	 33.18	 30.09	 33.09	 32.12	 
10099	300	 641.00	 642.00	 643.00	19961211	19961214	 31.58	 31.48	 64.17	 64.33	 23.91	 15.07	 12.77	 17.25	 
10100	150	 644.00	 645.00	 646.00	19970113	19970118	 31.59	 31.76	 64.17	 64.35	 35.82	 23.71	 22.92	 27.48	 
10100	200	 647.00	 648.00	 649.00	19970113	19970118	 31.59	 31.76	 64.17	 64.35	 15.18	 19.29	 11.22	 15.23	 
10100	300	 650.00	 651.00	 652.00	19970113	19970118	 31.59	 31.76	 64.17	 64.35	 12.09	 10.47	  7.51	 10.02	 
10101	150	 653.00	 654.00	 655.00	19970206	19970210	 31.57	 31.24	 64.18	 64.64	 21.33	 27.71	 31.68	 26.91	 
10101	200	 656.00	 657.00	 658.00	19970206	19970210	 31.57	 31.24	 64.18	 64.64	 22.10	 26.68	 24.57	 24.45	 
10101	300	 659.00	 660.00	 661.00	19970206	19970210	 31.57	 31.24	 64.18	 64.64	 25.23	 27.59	 17.82	 23.55	 
10102	150	 662.00	 663.00	 664.00	19970304	19970307	 31.58	 31.63	 64.17	 64.69	 20.73	 27.29	 33.39	 27.14	 
10102	200	 665.00	 666.00	 667.00	19970304	19970307	 31.58	 31.63	 64.17	 64.69	 11.45	 17.25	 13.38	 14.03	 
10102	300	 668.00	 669.00	 670.00	19970304	19970307	 31.58	 31.63	 64.17	 64.69	 17.28	 33.37	  7.47	 19.37	 
10103	150	 671.00	 672.00	 673.00	19970408	19970411	 31.58	 32.02	 64.17	 63.62	 31.63	 40.83	 25.89	 32.78	 
10103	200	 674.00	 675.00	 676.00	19970408	19970411	 31.58	 32.02	 64.17	 63.62	 25.71	 25.84	 20.04	 23.86	 
10103	300	 677.00	 678.00	 679.00	19970408	19970411	 31.58	 32.02	 64.17	 63.62	 19.64	 11.05	 11.02	 13.90	 
10104	150	 680.00	 681.00	 682.00	19970505	19970508	 31.58	 31.11	 64.16	 64.15	 34.20	 29.68	 18.03	 27.30	 
10104	200	 683.00	 684.00	 685.00	19970505	19970508	 31.58	 31.11	 64.16	 64.15	 21.81	 15.33	 20.66	 19.27	 
10104	300	 686.00	 687.00	 688.00	19970505	19970508	 31.58	 31.11	 64.16	 64.15	 11.60	 10.96	 20.34	 14.30	 
10105	150	 693.00	 694.00	 695.00	19970610	19970613	 31.59	 31.28	 64.16	 63.98	 24.54	 27.17	 22.81	 24.84	 
10105	200	 696.00	 697.00	 698.00	19970610	19970613	 31.59	 31.28	 64.16	 63.98	 21.44	 16.05	 11.92	 16.47	 
10105	300	 699.00	 700.00	 701.00	19970610	19970613	 31.59	 31.28	 64.16	 63.98	 11.18	 10.78	  9.47	 10.48	 
10106	150	 702.00	 703.00	 704.00	19970715	19970718	 31.58	 31.61	 64.13	 63.94	 29.74	 23.33	 27.30	 26.79	 
10106	200	 705.00	 706.00	 707.00	19970715	19970718	 31.58	 31.61	 64.13	 63.94	 22.10	 17.02	 24.02	 21.05	 
10106	300	 708.00	 709.00	 710.00	19970715	19970718	 31.58	 31.61	 64.13	 63.94	 12.45	  8.60	 12.58	 11.21	 
10107	150	 711.00	 712.00	 713.00	19970811	19970815	 31.59	 31.68	 64.17	 64.77	 38.55	 39.47	 41.91	 39.98	 
10107	200	 714.00	 715.00	 716.00	19970811	19970815	 31.59	 31.68	 64.17	 64.77	 22.48	 41.92	 29.94	 31.45	 
10107	300	 717.00	 718.00	 719.00	19970811	19970815	 31.59	 31.68	 64.17	 64.77	 12.06	 11.70	 14.11	 12.62	 
10108	150	 720.00	 721.00	 722.00	19970909	19970912	 31.57	 31.05	 64.15	 64.28	 32.52	 28.13	 41.09	 33.91	 
10108	200	 723.00	 724.00	 725.00	19970909	19970912	 31.57	 31.05	 64.15	 64.28	 18.89	 16.78	 24.90	 20.19	 
10108	300	 726.00	 727.00	 728.00	19970909	19970912	 31.57	 31.05	 64.15	 64.28	 10.27	 20.47	 13.28	 14.67	 
10109	150	 729.00	 730.00	 731.00	19971006	19971009	 31.58	 31.59	 64.17	 64.02	 24.71	 18.81	 29.13	 24.22	 
10109	200	 732.00	 733.00	 734.00	19971006	19971009	 31.58	 31.59	 64.17	 64.02	 26.81	 11.69	 18.95	 19.15	 
10109	300	 735.00	 736.00	 737.00	19971006	19971009	 31.58	 31.59	 64.17	 64.02	 15.84	 12.61	 10.88	 13.11	 
10110	150	 738.00	 739.00	 740.00	19971111	19971114	 31.58	 31.34	 64.17	 64.40	 36.52	 38.79	 18.43	 31.25	 
10110	200	 741.00	 742.00	 743.00	19971111	19971114	 31.58	 31.34	 64.17	 64.40	 27.54	 27.44	 31.36	 28.78	 
10110	300	 744.00	 745.00	 746.00	19971111	19971114	 31.58	 31.34	 64.17	 64.40	 -9.99	 13.02	 25.56	 19.29	 
10111	150	 747.00	 748.00	 749.00	19971208	19971212	 31.59	 32.10	 64.18	 64.52	 25.44	 27.14	 22.21	 24.93	 
10111	200	 750.00	 751.00	 752.00	19971208	19971212	 31.59	 32.10	 64.18	 64.52	 22.38	 30.29	 27.43	 26.70	 
10111	300	 753.00	 754.00	 755.00	19971208	19971212	 31.59	 32.10	 64.18	 64.52	 11.97	 19.66	 21.34	 17.66	 
10112	150	 756.00	 757.00	 758.00	19980112	19980116	 31.59	 31.67	 64.17	 64.19	 10.71	 11.33	 13.58	 11.87	 
10112	200	 759.00	 760.00	 761.00	19980112	19980116	 31.59	 31.67	 64.17	 64.19	 10.98	 10.06	  9.41	 10.15	 
10112	300	 762.00	 763.00	 764.00	19980112	19980116	 31.59	 31.67	 64.17	 64.19	  9.08	  3.51	  9.46	  7.35	 
10113	150	 765.00	 766.00	 767.00	19980210	19980213	 31.58	 31.56	 64.17	 63.56	 29.33	 20.88	 30.42	 26.88	 
10113	200	 768.00	 769.00	 770.00	19980210	19980213	 31.58	 31.56	 64.17	 63.56	 16.54	 21.25	 17.47	 18.42	 
10113	300	 771.00	 772.00	 773.00	19980210	19980213	 31.58	 31.56	 64.17	 63.56	  9.89	 15.78	 21.34	 15.67	 
10114	150	 774.00	 775.00	 776.00	19980310	19980313	 31.59	 31.52	 64.15	 63.77	 67.25	 75.52	 83.68	 75.48	 
10114	200	 777.00	 778.00	 779.00	19980310	19980313	 31.59	 31.52	 64.15	 63.77	 66.84	 72.46	 62.38	 67.23	 
10114	300	 780.00	 781.00	 782.00	19980310	19980313	 31.59	 31.52	 64.15	 63.77	 33.85	 30.85	 33.31	 32.67	 
10115	150	 783.00	 784.00	 785.00	19980406	19980409	 31.59	 31.70	 64.18	 63.95	 25.88	 24.65	 25.82	 25.45	 
10115	200	 786.00	 787.00	 788.00	19980406	19980409	 31.59	 31.70	 64.18	 63.95	 21.51	 21.61	 18.42	 20.51	 
10115	300	 789.00	 790.00	 791.00	19980406	19980409	 31.59	 31.70	 64.18	 63.95	 21.17	 10.36	 14.23	 15.25	 
10116	150	 792.00	 793.00	 794.00	19980505	19980508	 31.58	 31.51	 64.16	 64.93	 15.20	 12.36	 14.03	 13.86	 
10116	200	 795.00	 796.00	 797.00	19980505	19980508	 31.58	 31.51	 64.16	 64.93	 11.33	 12.37	 21.17	 14.96	 
10116	300	 798.00	 799.00	 800.00	19980505	19980508	 31.58	 31.51	 64.16	 64.93	 11.73	 10.65	 10.90	 11.09	 
10117	150	 801.00	 802.00	 803.00	19980602	19980605	 31.58	 31.58	 64.16	 63.63	 14.65	 13.26	 16.11	 14.67	 
10117	200	 804.00	 805.00	 806.00	19980602	19980605	 31.58	 31.58	 64.16	 63.63	 14.37	  9.48	  9.04	 10.96	 
10117	300	 807.00	 808.00	 809.00	19980602	19980605	 31.58	 31.58	 64.16	 63.63	  9.98	  6.00	 12.26	  9.41	 
10118	150	 810.00	 811.00	 812.00	19980707	19980709	 31.59	 31.48	 64.17	 64.09	 27.65	 31.53	 39.34	 32.84	 
10118	200	 813.00	 814.00	 815.00	19980707	19980709	 31.59	 31.48	 64.17	 64.09	 22.33	 20.54	 25.23	 22.70	 
10118	300	 816.00	 817.00	 818.00	19980707	19980709	 31.59	 31.48	 64.17	 64.09	 12.95	 15.22	 27.56	 18.58	 
10119	150	 819.00	 820.00	 821.00	19980810	19980814	 31.58	 31.74	 64.17	 64.50	 38.74	 40.18	 49.91	 42.94	 
10119	200	 822.00	 823.00	 824.00	19980810	19980814	 31.58	 31.74	 64.17	 64.50	 23.06	 24.71	 26.53	 24.77	 
10119	300	 826.00	 827.00	  -9.99	19980810	19980814	 31.58	 31.74	 64.17	 64.50	 14.34	 24.11	 -9.99	 19.23	 
10120	150	 828.00	 829.00	 830.00	19980908	19980911	 31.58	 31.55	 64.19	 64.48	 31.42	 25.41	 35.38	 30.74	 
10120	200	 831.00	 832.00	 833.00	19980908	19980911	 31.58	 31.55	 64.19	 64.48	 23.79	 36.66	 18.96	 26.47	 
10120	300	 834.00	 835.00	 836.00	19980908	19980911	 31.58	 31.55	 64.19	 64.48	 18.11	 11.11	 13.40	 14.21	 
10121	150	 999.00	 999.00	 999.00	19981022	19981001	 31.58	 -9.99	 64.16	 -9.99	 -9.99	 -9.99	 -9.99	 -9.99	 
10121	200	  -9.99	  -9.99	  -9.99	19981022	19981001	 31.58	 -9.99	 64.16	 -9.99	 -9.99	 -9.99	 -9.99	 -9.99	 
10121	300	  -9.99	  -9.99	  -9.99	19981022	19981001	 31.58	 -9.99	 64.16	 -9.99	 -9.99	 -9.99	 -9.99	 -9.99	 
10122	150	 846.00	 847.00	 848.00	19981117	19981120	 31.59	 31.99	 64.17	 64.21	 17.74	 35.71	 17.18	 23.54	 
10122	200	 849.00	 850.00	 851.00	19981117	19981120	 31.59	 31.99	 64.17	 64.21	 13.52	 15.61	 16.77	 15.30	 
10122	300	  -9.99	  -9.99	  -9.99	19981117	19981120	 31.59	 31.99	 64.17	 64.21	 -9.99	 -9.99	 -9.99	 -9.99	 
10123	150	 855.00	 856.00	 857.00	19981207	19981211	 31.57	 31.34	 64.17	 64.13	 22.84	 21.31	 31.23	 25.13	 
10123	200	 858.00	 859.00	 860.00	19981207	19981211	 31.57	 31.34	 64.17	 64.13	 18.23	 43.60	 14.99	 25.61	 
10123	300	 861.00	 862.00	 863.00	19981207	19981211	 31.57	 31.34	 64.17	 64.13	 -9.99	 10.61	 14.98	 12.79	 
10124	150	 864.00	 865.00	 866.00	19990111	19990115	 31.59	 31.77	 64.17	 64.04	 15.15	 71.68	 -9.99	 43.42	 
10124	200	 867.00	 868.00	 869.00	19990111	19990115	 31.59	 31.77	 64.17	 64.04	 -9.99	 11.97	 14.90	 13.44	 
10124	300	 870.00	 871.00	 872.00	19990111	19990115	 31.59	 31.77	 64.17	 64.04	 11.02	 10.43	 14.53	 11.99	 
10125	150	 873.00	 874.00	 875.00	19990209	19990211	 31.59	 32.19	 64.18	 64.05	 -9.99	 67.56	 -9.99	 67.56	 
10125	200	 876.00	 877.00	 878.00	19990209	19990211	 31.59	 32.19	 64.18	 64.05	 33.63	 34.28	 46.06	 37.99	 
10125	300	 879.00	 880.00	 881.00	19990209	19990211	 31.59	 32.19	 64.18	 64.05	 25.22	 69.27	 12.26	 35.58	 
10126	150	 882.00	 883.00	 884.00	19990323	19990325	 31.58	 31.49	 64.17	 64.38	 67.03	 56.90	 40.33	 54.75	 
10126	200	 885.00	 886.00	 887.00	19990323	19990325	 31.58	 31.49	 64.17	 64.38	 46.74	 24.79	 27.86	 33.13	 
10126	300	 888.00	 889.00	 890.00	19990323	19990325	 31.58	 31.49	 64.17	 64.38	 18.00	  9.40	 37.06	 21.49	 
10127	150	 891.00	 892.00	 893.00	19990406	19990409	 31.58	 31.51	 64.17	 64.27	 40.52	 33.47	 29.85	 34.61	 
10127	200	 894.00	 895.00	 896.00	19990406	19990409	 31.58	 31.51	 64.17	 64.27	 24.04	 34.40	 19.23	 25.89	 
10127	300	 897.00	 898.00	 899.00	19990406	19990409	 31.58	 31.51	 64.17	 64.27	 11.85	 19.82	 11.65	 14.44	 
10128	150	 900.00	 901.00	 902.00	19990503	19990507	 31.58	 31.36	 64.17	 64.57	 44.89	 14.09	 22.70	 27.23	 
10128	200	 903.00	 904.00	 905.00	19990503	19990507	 31.58	 31.36	 64.17	 64.57	 13.45	 11.63	 13.07	 12.72	 
10128	300	 906.00	 907.00	 908.00	19990503	19990507	 31.58	 31.36	 64.17	 64.57	 13.47	 13.00	  7.54	 11.34	 
10129	150	 909.00	 910.00	 911.00	19990531	19990604	 31.60	 31.47	 64.16	 64.39	 30.46	 33.34	 33.67	 32.49	 
10129	200	 912.00	 913.00	 914.00	19990531	19990604	 31.60	 31.47	 64.16	 64.39	 10.21	 25.01	 33.14	 22.79	 
10129	300	 915.00	 916.00	 917.00	19990531	19990604	 31.60	 31.47	 64.16	 64.39	  7.75	 14.83	 11.42	 11.33	 
10130	150	 918.00	 927.00	 928.00	19990705	19990708	 31.59	 31.90	 64.17	 63.60	 21.53	 42.27	 33.35	 32.38	 
10130	200	 921.00	 922.00	 923.00	19990705	19990708	 31.59	 31.90	 64.17	 63.60	 26.55	 14.81	 29.09	 23.48	 
10130	300	 924.00	 925.00	 926.00	19990705	19990708	 31.59	 31.90	 64.17	 63.60	 10.82	 14.22	 18.88	 14.64	 
10131	150	 929.00	 930.00	 931.00	19990802	19990806	 31.58	 -9.99	 64.16	 -9.99	 29.95	 42.52	 31.66	 34.71	 
10131	200	 934.00	 935.00	 936.00	19990802	19990806	 31.58	 -9.99	 64.16	 -9.99	 23.01	 10.19	 10.52	 14.57	 
10131	300	 937.00	 938.00	 939.00	19990802	19990806	 31.58	 -9.99	 64.16	 -9.99	 11.76	 42.81	 14.83	 23.13	 
10132	150	 940.00	 941.00	 942.00	19990914	19990917	 31.58	 31.49	 64.17	 64.72	 -9.99	 21.87	 17.63	 19.75	 
10132	200	 945.00	 946.00	 947.00	19990914	19990917	 31.58	 31.49	 64.17	 64.72	 19.47	 16.55	 21.60	 19.21	 
10132	300	 948.00	 949.00	 950.00	19990914	19990917	 31.58	 31.49	 64.17	 64.72	 25.14	 13.02	 14.51	 17.56	 
10133	150	 951.00	 952.00	 953.00	19991011	19991014	 31.58	 31.47	 64.17	 64.31	 16.15	 23.32	 18.86	 19.44	 
10133	200	 956.00	 957.00	 958.00	19991011	19991014	 31.58	 31.47	 64.17	 64.31	 12.94	 17.49	 19.41	 16.61	 
10133	300	 959.00	 960.00	 961.00	19991011	19991014	 31.58	 31.47	 64.17	 64.31	 16.11	 27.53	  0.10	 14.58	 
10134	150	 962.00	 963.00	 964.00	19991109	19991112	 31.59	 31.89	 64.15	 64.22	 27.21	 52.67	 16.97	 32.28	 
10134	200	 967.00	 968.00	 969.00	19991109	19991112	 31.59	 31.89	 64.15	 64.22	 25.91	 16.44	 11.04	 17.80	 
10134	300	 970.00	 971.00	 972.00	19991109	19991112	 31.59	 31.89	 64.15	 64.22	 11.38	 23.41	 -9.99	 17.39	 
10135	150	  -9.99	  -9.99	  -9.99	19991208	19990001	 -9.99	 -9.99	 -9.99	 -9.99	 -9.99	 -9.99	 -9.99	 -9.99	 
10135	200	  -9.99	  -9.99	  -9.99	19991208	19990001	 -9.99	 -9.99	 -9.99	 -9.99	 -9.99	 -9.99	 -9.99	 -9.99	 
10135	300	  -9.99	  -9.99	  -9.99	19991208	19990001	 -9.99	 -9.99	 -9.99	 -9.99	 -9.99	 -9.99	 -9.99	 -9.99	 
10136	150	 973.00	 974.00	 975.00	20000128	20000201	 31.59	 31.45	 64.17	 63.90	 29.35	 37.93	 41.22	 36.17	 
10136	200	 977.00	 978.00	 979.00	20000128	20000201	 31.59	 31.45	 64.17	 63.90	 16.33	 14.80	 11.10	 14.08	 
10136	300	 980.00	 981.00	 982.00	20000128	20000201	 31.59	 31.45	 64.17	 63.90	  8.45	 10.34	  6.33	  8.37	 
10137	150	 983.00	 984.00	 985.00	20000215	20000218	 31.57	 31.54	 64.17	 64.25	 -9.99	 43.62	 81.37	 62.50	 
10137	200	 987.00	 988.00	 989.00	20000215	20000218	 31.57	 31.54	 64.17	 64.25	 25.46	 23.49	 28.67	 25.87	 
10137	300	 990.00	 991.00	 992.00	20000215	20000218	 31.57	 31.54	 64.17	 64.25	 10.28	 15.00	  4.05	  9.78	 
10138	150	 993.00	 994.00	 995.00	20000314	20000317	 31.59	 31.30	 64.16	 64.35	 75.23	 75.64	 53.67	 68.18	 
10138	200	 997.00	 998.00	 999.00	20000314	20000317	 31.59	 31.30	 64.16	 64.35	 51.22	 66.76	 53.82	 57.27	 
10138	300	1000.00	1001.00	1002.00	20000314	20000317	 31.59	 31.30	 64.16	 64.35	 57.54	 68.83	 77.19	 67.85	 
10139	150	1003.00	1004.00	1006.00	20000410	20000412	 31.57	 31.58	 64.16	 64.27	 27.02	 28.92	 27.38	 27.77	 
10139	200	1007.00	1008.00	1009.00	20000410	20000412	 31.57	 31.58	 64.16	 64.27	 20.30	 18.32	 12.64	 17.09	 
10139	300	1010.00	1011.00	1012.00	20000410	20000412	 31.57	 31.58	 64.16	 64.27	  4.29	 10.36	 13.78	  9.48	 
10140	150	1013.00	1014.00	1015.00	20000510	20000513	 31.58	 31.37	 64.16	 64.10	 11.26	 46.12	 15.43	 24.27	 
10140	200	1017.00	1018.00	1019.00	20000510	20000513	 31.58	 31.37	 64.16	 64.10	  5.49	 15.24	 13.40	 11.38	 
10140	300	1020.00	1021.00	1022.00	20000510	20000513	 31.58	 31.37	 64.16	 64.10	  2.68	 35.23	 11.56	 16.49	 
10141	150	1023.00	1024.00	1025.00	20000605	20000608	 31.58	 31.55	 64.16	 63.48	 11.20	 14.13	 12.92	 12.75	 
10141	200	1027.00	1028.00	1029.00	20000605	20000608	 31.58	 31.55	 64.16	 63.48	 12.01	  5.76	 16.63	 11.47	 
10141	300	1030.00	1031.00	1032.00	20000605	20000608	 31.58	 31.55	 64.16	 63.48	 11.39	  8.23	 10.58	 10.07	 
10142	150	1033.00	1034.00	1035.00	20000710	20000712	 31.57	 31.27	 64.17	 64.41	 24.14	 31.21	 16.65	 24.00	 
10142	200	1038.00	1039.00	1040.00	20000710	20000712	 31.57	 31.27	 64.17	 64.41	 16.26	 24.35	 14.95	 18.52	 
10142	300	1041.00	1042.00	1043.00	20000710	20000712	 31.57	 31.27	 64.17	 64.41	 12.18	 21.46	 13.30	 15.65	 
10143	150	1044.00	1045.00	1046.00	20000807	20000810	 31.58	 30.87	 64.17	 65.33	 18.85	 26.36	 20.41	 21.87	 
10143	200	1048.00	1049.00	1050.00	20000807	20000810	 31.58	 30.87	 64.17	 65.33	 16.85	 15.01	 21.37	 17.74	 
10143	300	1051.00	1052.00	1053.00	20000807	20000810	 31.58	 30.87	 64.17	 65.33	 15.00	  9.50	 16.11	 13.54	 
10144	150	1054.00	1055.00	1056.00	20000911	20000915	 31.60	 32.01	 64.17	 63.85	 15.77	 17.52	 22.82	 18.70	 
10144	200	1058.00	1059.00	1060.00	20000911	20000915	 31.60	 32.01	 64.17	 63.85	 13.50	 16.20	 10.94	 13.55	 
10144	300	1061.00	1062.00	1063.00	20000911	20000915	 31.60	 32.01	 64.17	 63.85	  8.68	  9.58	  8.01	  8.76	 
10145	150	1064.00	1065.00	1066.00	20001017	20001020	 31.58	 31.35	 64.16	 64.82	 13.93	 20.53	 14.44	 16.30	 
10145	200	1068.00	1069.00	1070.00	20001017	20001020	 31.58	 31.35	 64.16	 64.82	 13.28	 18.12	 15.17	 15.52	 
10145	300	1071.00	1072.00	1073.00	20001017	20001020	 31.58	 31.35	 64.16	 64.82	 16.11	 13.65	 16.92	 15.56	 
10146	150	1074.00	1075.00	1076.00	20001113	20001117	 31.58	 31.22	 64.17	 64.28	 10.73	 10.54	  6.22	  9.16	 
10146	200	1078.00	1079.00	1080.00	20001113	20001117	 31.58	 31.22	 64.17	 64.28	  8.35	  9.08	  5.72	  7.72	 
10146	300	1081.00	1082.00	1083.00	20001113	20001117	 31.58	 31.22	 64.17	 64.28	  6.28	  6.58	  7.68	  6.85	 
10147	150	1084.00	1085.00	1086.00	20001212	20001215	 31.58	 31.22	 64.16	 64.28	 21.87	  9.67	  7.75	 13.10	 
10147	200	1088.00	1089.00	1090.00	20001212	20001215	 31.58	 31.22	 64.16	 64.28	  9.47	  6.57	 -9.99	  8.02	 
10147	300	1091.00	1092.00	1093.00	20001212	20001215	 31.58	 31.22	 64.16	 64.28	  8.53	  7.07	  5.81	  7.14	 
10148	150	1094.00	1095.00	1096.00	20010129	20010201	 31.58	 31.73	 64.17	 64.55	 30.75	 25.03	 24.26	 26.68	 
10148	200	1098.00	1099.00	1100.00	20010129	20010201	 31.58	 31.73	 64.17	 64.55	 18.88	 24.39	 -9.99	 21.63	 
10148	300	1101.00	1102.00	1103.00	20010129	20010201	 31.58	 31.73	 64.17	 64.55	 17.73	 12.16	 11.82	 13.90	 
10149	150	1104.00	1105.00	1106.00	20010219	20010223	 31.59	 30.97	 64.17	 64.62	 20.21	 16.13	 16.08	 17.47	 
10149	200	1108.00	1109.00	1110.00	20010219	20010223	 31.59	 30.97	 64.17	 64.62	 20.87	 25.76	 12.34	 19.66	 
10149	300	1111.00	1112.00	1113.00	20010219	20010223	 31.59	 30.97	 64.17	 64.62	 16.38	 12.47	 13.45	 14.10	 
10150	150	1114.00	1115.00	1116.00	20010320	20010323	 31.58	 31.20	 64.17	 64.60	 57.34	 51.71	 46.93	 51.99	 
10150	200	1118.00	1119.00	1120.00	20010320	20010323	 31.58	 31.20	 64.17	 64.60	 57.45	 62.64	 52.06	 57.38	 
10150	300	1122.00	1123.00	1124.00	20010320	20010323	 31.58	 31.20	 64.17	 64.60	 28.39	 39.27	 34.76	 34.14	 
10151	150	1126.00	1127.00	1128.00	20010417	20010420	 31.59	 31.89	 64.17	 64.58	 17.79	 -9.99	 16.90	 17.34	 
10151	200	1130.00	1131.00	1132.00	20010417	20010420	 31.59	 31.89	 64.17	 64.58	 12.70	 18.63	 15.94	 15.76	 
10151	300	1134.00	1135.00	1136.00	20010417	20010420	 31.59	 31.89	 64.17	 64.58	 21.66	 22.60	 14.67	 19.64	 
10152	150	1138.00	1139.00	1140.00	20010514	20010517	 31.59	 31.98	 64.17	 63.80	 20.53	 16.66	 10.03	 15.74	 
10152	200	1142.00	1143.00	1144.00	20010514	20010517	 31.59	 31.98	 64.17	 63.80	 25.53	 13.66	 14.93	 18.04	 
10152	300	1146.00	1147.00	1148.00	20010514	20010517	 31.59	 31.98	 64.17	 63.80	 14.51	 12.23	 14.32	 13.69	 
10153	150	1150.00	1151.00	1152.00	20010604	20010608	 31.56	 31.09	 64.17	 64.03	 47.38	 37.59	 26.36	 37.11	 
10153	200	1154.00	1155.00	1156.00	20010604	20010608	 31.56	 31.09	 64.17	 64.03	 17.69	 24.22	 16.70	 19.54	 
10153	300	1157.00	1158.00	1159.00	20010604	20010608	 31.56	 31.09	 64.17	 64.03	 14.02	 10.96	 15.16	 13.38	 
10154	150	1161.00	1162.00	1163.00	20010718	20010721	 31.58	 31.10	 64.17	 64.08	 13.05	 17.96	 22.01	 17.67	 
10154	200	1165.00	1166.00	1167.00	20010718	20010721	 31.58	 31.10	 64.17	 64.08	 22.20	 10.85	 17.91	 16.99	 
10154	300	1169.00	1170.00	1171.00	20010718	20010721	 31.58	 31.10	 64.17	 64.08	  7.94	 12.28	 10.79	 10.34	 
10155	150	1173.00	1174.00	1175.00	20010807	20010810	 31.58	 31.35	 64.19	 64.10	 10.06	 14.68	 13.35	 12.70	 
10155	200	1177.00	1178.00	1179.00	20010807	20010810	 31.58	 31.35	 64.19	 64.10	 22.63	 16.55	 15.74	 18.31	 
10155	300	1180.00	1181.00	1182.00	20010807	20010810	 31.58	 31.35	 64.19	 64.10	 26.63	 12.84	 14.44	 17.97	 
10156	150	1184.00	1185.00	1186.00	20010911	20010915	 31.58	 31.64	 64.20	 64.35	 10.90	 26.15	 19.49	 18.85	 
10156	200	1188.00	1189.00	1190.00	20010911	20010915	 31.58	 31.64	 64.20	 64.35	 13.22	 19.93	 15.04	 16.06	 
10156	300	1191.00	1192.00	1193.00	20010911	20010915	 31.58	 31.64	 64.20	 64.35	 15.74	 50.42	 12.43	 26.20	 
10158	150	1206.00	1207.00	1208.00	20011109	20011113	 31.57	 31.53	 64.19	 64.40	  7.16	 18.40	 56.72	 27.43	 
10158	200	  -9.99	  -9.99	  -9.99	20011109	20011113	 31.57	 31.53	 64.19	 64.40	 -9.99	 -9.99	 -9.99	 -9.99	 
10158	300	1210.00	1211.00	1212.00	20011109	20011113	 31.57	 31.53	 64.19	 64.40	  8.26	  7.54	  6.94	  7.58	 
10159	150	1214.00	1215.00	1216.00	20011210	20011213	 31.57	 31.45	 64.16	 64.75	 15.58	 81.56	 15.41	 37.52	 
10159	200	  -9.99	  -9.99	  -9.99	20011210	20011213	 31.57	 31.45	 64.16	 64.75	 -9.99	 -9.99	 -9.99	 -9.99	 
10159	300	1218.00	1219.00	1220.00	20011210	20011213	 31.57	 31.45	 64.16	 64.75	 12.14	 10.06	  9.84	 10.68	 
10161	150	1234.00	1235.00	1236.00	20020227	20020302	 31.59	 31.73	 64.15	 64.05	 40.86	 28.49	 50.50	 39.95	 
10161	200	1238.00	1239.00	1240.00	20020227	20020302	 31.59	 31.73	 64.15	 64.05	 47.29	 78.81	 37.45	 54.52	 
10161	300	1242.00	1243.00	1244.00	20020227	20020302	 31.59	 31.73	 64.15	 64.05	 37.89	 19.27	 25.72	 27.63	 
10162	150	1246.00	1247.00	1248.00	20020319	20020324	 31.57	 31.27	 64.14	 64.33	 25.69	 35.95	 39.40	 33.68	 
10162	200	1250.00	1251.00	1252.00	20020319	20020324	 31.57	 31.27	 64.14	 64.33	 51.48	 30.98	 49.09	 43.85	 
10162	300	1254.00	1255.00	1256.00	20020319	20020324	 31.57	 31.27	 64.14	 64.33	 36.61	 36.37	 34.20	 35.73	 
10163	150	1258.00	1259.00	1260.00	20020415	20020419	 31.58	 31.74	 64.17	 64.44	 19.42	 19.29	 31.85	 23.52	 
10163	200	1262.00	1263.00	1264.00	20020415	20020419	 31.58	 31.74	 64.17	 64.44	 15.69	 21.01	 15.34	 17.35	 
10163	300	1266.00	1267.00	1268.00	20020415	20020419	 31.58	 31.74	 64.17	 64.44	 12.60	 15.38	 18.51	 15.50	 
10164	150	1270.00	1271.00	1272.00	20020513	20020516	 31.58	 31.17	 64.27	 64.59	 26.86	 24.71	 20.62	 24.06	 
10164	200	1274.00	1275.00	1276.00	20020513	20020516	 31.58	 31.17	 64.27	 64.59	 34.62	 18.06	 16.65	 23.11	 
10164	300	1278.00	1279.00	1280.00	20020513	20020516	 31.58	 31.17	 64.27	 64.59	 15.67	 12.00	 11.12	 12.93	 
10165	150	1282.00	1283.00	1284.00	20020604	20020606	 31.57	 31.31	 64.17	 64.31	 23.92	 26.51	 19.43	 23.29	 
10165	200	1286.00	1287.00	1288.00	20020604	20020606	 31.57	 31.31	 64.17	 64.31	 20.07	 17.45	 32.73	 23.42	 
10165	300	1290.00	1291.00	1292.00	20020604	20020606	 31.57	 31.31	 64.17	 64.31	 25.29	 16.33	 25.30	 22.31	 
10166	150	1294.00	1295.00	1296.00	20020702	20020705	 31.58	 31.61	 64.17	 64.57	 19.90	 21.48	 20.67	 20.68	 
10166	200	1298.00	1299.00	1300.00	20020702	20020705	 31.58	 31.61	 64.17	 64.57	 30.73	 18.06	 13.96	 20.92	 
10166	300	1302.00	1303.00	1304.00	20020702	20020705	 31.58	 31.61	 64.17	 64.57	 12.01	 14.13	 11.54	 12.56	 
10167	150	1306.00	1307.00	1308.00	20020820	20020823	 31.57	 31.35	 64.17	 64.92	 21.37	 25.44	 19.86	 22.22	 
10167	200	1310.00	1311.00	1312.00	20020820	20020823	 31.57	 31.35	 64.17	 64.92	 21.36	 17.47	 20.08	 19.64	 
10167	300	1314.00	1315.00	1316.00	20020820	20020823	 31.57	 31.35	 64.17	 64.92	 10.48	 20.33	  7.21	 12.67	 
10168	150	1318.00	1319.00	1320.00	20020917	20020920	 31.58	 31.59	 64.17	 64.06	 28.46	 18.49	 24.32	 23.76	 
10168	200	1322.00	1323.00	1324.00	20020917	20020920	 31.58	 31.59	 64.17	 64.06	 10.48	 17.11	 12.30	 13.30	 
10168	300	1326.00	1327.00	1328.00	20020917	20020920	 31.58	 31.59	 64.17	 64.06	 17.83	 15.43	 12.34	 15.20	 
10170	150	1344.00	1345.00	1346.00	20021112	20021116	 31.58	 31.31	 64.15	 64.65	 25.25	 20.06	 29.76	 25.02	 
10170	200	1348.00	1349.00	1350.00	20021112	20021116	 31.58	 31.31	 64.15	 64.65	 35.65	 22.53	 21.15	 26.44	 
10170	300	1352.00	1353.00	1354.00	20021112	20021116	 31.58	 31.31	 64.15	 64.65	 19.68	 34.44	 20.66	 24.93	 
10171	150	1356.00	1357.00	1358.00	20021209	20021213	 31.66	 31.19	 64.16	 64.74	 12.92	 16.90	 21.81	 17.21	 
10171	200	1360.00	1361.00	1362.00	20021209	20021213	 31.66	 31.19	 64.16	 64.74	 18.25	 16.77	 14.41	 16.48	 
10171	300	1364.00	1365.00	1366.00	20021209	20021213	 31.66	 31.19	 64.16	 64.74	 16.99	  7.37	 13.09	 12.48	 
10172	150	1368.00	1369.00	1370.00	20030127	20030129	 31.59	 32.05	 64.17	 64.56	 29.60	 22.99	 26.59	 26.39	 
10172	200	1372.00	1373.00	1374.00	20030127	20030129	 31.59	 32.05	 64.17	 64.56	 31.29	  7.33	 22.73	 20.45	 
10172	300	1376.00	1377.00	1378.00	20030127	20030129	 31.59	 32.05	 64.17	 64.56	 12.92	 14.04	 30.04	 19.00	 
10173	150	1380.00	1381.00	1382.00	20030221	20030226	 31.59	 31.64	 64.17	 64.96	 51.15	 44.48	 50.73	 48.79	 
10173	200	1386.00	1387.00	1388.00	20030221	20030226	 31.59	 31.64	 64.17	 64.96	 25.92	 29.07	 26.76	 27.25	 
10173	300	1390.00	1391.00	1392.00	20030221	20030226	 31.59	 31.64	 64.17	 64.96	 14.70	 15.63	 14.81	 15.05	 
10174	150	1396.00	1397.00	1398.00	20030317	20030322	 31.59	 31.75	 64.16	 64.19	 34.57	 17.84	 32.71	 28.37	 
10174	200	1402.00	1403.00	1404.00	20030317	20030322	 31.59	 31.75	 64.16	 64.19	 60.83	 47.68	 38.24	 48.92	 
10174	300	1406.00	1407.00	1408.00	20030317	20030322	 31.59	 31.75	 64.16	 64.19	  5.89	 20.77	  3.53	 10.06	 
10175	150	1412.00	1413.00	1414.00	20030421	20030426	 31.58	 31.91	 64.17	 64.86	 11.55	 13.06	 14.65	 13.09	 
10175	200	1418.00	1419.00	1420.00	20030421	20030426	 31.58	 31.91	 64.17	 64.86	 19.21	 19.05	 11.81	 16.69	 
10175	300	1422.00	1423.00	1424.00	20030421	20030426	 31.58	 31.91	 64.17	 64.86	  9.62	  9.80	  8.88	  9.43	 
10176	150	1428.00	1429.00	1430.00	20030519	20030523	 31.57	 31.49	 64.18	 64.51	 21.39	 27.41	 20.52	 23.11	 
10176	200	1434.00	1435.00	1436.00	20030519	20030523	 31.57	 31.49	 64.18	 64.51	 10.51	 11.75	 10.30	 10.85	 
10176	300	1438.00	1439.00	1440.00	20030519	20030523	 31.57	 31.49	 64.18	 64.51	  7.93	 10.13	  7.99	  8.68	 
10177	150	1444.00	1445.00	1446.00	20030704	20030706	 31.58	 31.19	 64.18	 64.54	 33.67	 26.52	 20.09	 26.76	 
10177	200	1450.00	1451.00	1452.00	20030704	20030706	 31.58	 31.19	 64.18	 64.54	 15.82	 10.07	 15.60	 13.83	 
10177	300	1454.00	1455.00	1456.00	20030704	20030706	 31.58	 31.19	 64.18	 64.54	  9.64	 13.88	 17.31	 13.61	 
10178	150	1460.00	1461.00	1462.00	20030715	20030718	 31.59	 31.08	 64.17	 64.77	 18.11	 16.06	 12.27	 15.48	 
10178	200	1466.00	1467.00	1468.00	20030715	20030718	 31.59	 31.08	 64.17	 64.77	  8.57	  7.02	 11.06	  8.88	 
10178	300	1470.00	1471.00	1472.00	20030715	20030718	 31.59	 31.08	 64.17	 64.77	  7.64	  8.69	 10.24	  8.86	 
10179	150	1476.00	1477.00	1478.00	20030811	20030815	 31.58	 31.52	 64.17	 64.34	 19.40	 20.25	 22.30	 20.65	 
10179	200	1482.00	1483.00	1484.00	20030811	20030815	 31.58	 31.52	 64.17	 64.34	 15.52	 13.06	 14.17	 14.25	 
10179	300	1486.00	1487.00	1488.00	20030811	20030815	 31.58	 31.52	 64.17	 64.34	 14.49	  7.49	 21.02	 14.33	 
10180	150	1492.00	1493.00	1494.00	20030918	20030922	 31.59	 31.38	 64.17	 64.11	 20.85	 23.02	 23.56	 22.48	 
10180	200	1496.00	1497.00	1498.00	20030918	20030922	 31.59	 31.38	 64.17	 64.11	 17.79	 22.05	 20.53	 20.12	 
10180	300	1500.00	1501.00	1502.00	20030918	20030922	 31.59	 31.38	 64.17	 64.11	 13.83	 20.01	 19.36	 17.73	 
10181	150	1504.00	1505.00	1506.00	20031006	20031009	 31.59	 31.44	 64.17	 64.28	 -9.99	 26.67	 35.17	 30.92	 
10181	200	1508.00	1509.00	1510.00	20031006	20031009	 31.59	 31.44	 64.17	 64.28	 20.87	 27.29	 29.79	 25.98	 
10181	300	1512.00	1513.00	1514.00	20031006	20031009	 31.59	 31.44	 64.17	 64.28	 23.05	 22.14	 21.59	 22.26	 
10182	150	1517.00	1516.00	1518.00	20031104	20031107	 31.58	 31.44	 64.16	 64.39	 -9.99	 11.64	 11.19	 11.41	 
10182	200	1520.00	1521.00	1522.00	20031104	20031107	 31.58	 31.44	 64.16	 64.39	 12.07	  9.61	  5.62	  9.10	 
10182	300	1524.00	1525.00	1526.00	20031104	20031107	 31.58	 31.44	 64.16	 64.39	  8.06	  7.71	  7.04	  7.60	 
10183	150	1528.00	1529.00	1530.00	20031202	20031205	 31.58	 31.34	 64.18	 64.07	 16.27	 12.59	  9.89	 12.92	 
10183	200	1532.00	1533.00	1534.00	20031202	20031205	 31.58	 31.34	 64.18	 64.07	 15.54	  8.75	 12.85	 12.38	 
10183	300	1536.00	1537.00	1538.00	20031202	20031205	 31.58	 31.34	 64.18	 64.07	 14.66	 12.23	 11.75	 12.88	 
10184	150	1540.00	1541.00	1542.00	20040127	20040203	 31.60	 31.73	 64.17	 64.27	 44.77	 44.53	 42.04	 43.78	 
10184	200	1544.00	1545.00	1546.00	20040127	20040203	 31.60	 31.73	 64.17	 64.27	 65.89	 38.51	 38.96	 47.79	 
10184	300	1548.00	1549.00	1550.00	20040127	20040203	 31.60	 31.73	 64.17	 64.27	 20.15	 27.82	 15.89	 21.29	 
10185	150	1552.00	1553.00	1554.00	20040223	20040227	 31.58	 31.45	 64.17	 64.49	 49.07	 62.51	 53.26	 54.95	 
10185	200	1556.00	1557.00	1558.00	20040223	20040227	 31.58	 31.45	 64.17	 64.49	 48.15	 52.45	 30.44	 43.68	 
10185	300	1560.00	1561.00	1562.00	20040223	20040227	 31.58	 31.45	 64.17	 64.49	 26.77	 25.78	 36.95	 29.83	 
10187	150	1580.00	1581.00	1582.00	20040421	20040425	 31.52	 31.13	 64.16	 64.30	 -9.99	 -9.99	 -9.99	 -9.99	 
10187	200	1584.00	1585.00	1586.00	20040421	20040425	 31.52	 31.13	 64.16	 64.30	 -9.99	 -9.99	 -9.99	 -9.99	 
10187	300	1588.00	1589.00	1590.00	20040421	20040425	 31.52	 31.13	 64.16	 64.30	 -9.99	 -9.99	 -9.99	 -9.99	 
10188	150	1592.00	1593.00	1594.00	20040517	20040521	 31.58	 31.47	 64.17	 64.70	 -9.99	 -9.99	 -9.99	 -9.99	 
10188	200	1596.00	1597.00	1598.00	20040517	20040521	 31.58	 31.47	 64.17	 64.70	 -9.99	 -9.99	 -9.99	 -9.99	 
10188	300	1600.00	1601.00	1602.00	20040517	20040521	 31.58	 31.47	 64.17	 64.70	 -9.99	 -9.99	 -9.99	 -9.99	 
10189	150	1604.00	1605.00	1606.00	20040615	20040618	 31.59	 31.61	 64.16	 64.84	 -9.99	 -9.99	 -9.99	 -9.99	 
10189	200	1608.00	1609.00	1610.00	20040615	20040618	 31.59	 31.61	 64.16	 64.84	 -9.99	 -9.99	 -9.99	 -9.99	 
10189	300	1612.00	1613.00	1614.00	20040615	20040618	 31.59	 31.61	 64.16	 64.84	 -9.99	 -9.99	 -9.99	 -9.99	 
10190	150	1626.00	1627.00	1628.00	20040714	20040716	 31.58	 31.64	 64.17	 64.13	 -9.99	 -9.99	 -9.99	 -9.99	 
10190	200	1630.00	1631.00	1632.00	20040714	20040716	 31.58	 31.64	 64.17	 64.13	 -9.99	 -9.99	 -9.99	 -9.99	 
10190	300	1634.00	1635.00	1636.00	20040714	20040716	 31.58	 31.64	 64.17	 64.13	 -9.99	 -9.99	 17.01	 17.01	 
10191	150	1645.00	1646.00	1647.00	20040816	20040820	 31.58	 31.07	 64.15	 64.38	 20.50	 21.26	 -9.99	 20.88	 
10191	200	1649.00	1650.00	1651.00	20040816	20040820	 31.58	 31.07	 64.15	 64.38	 -9.99	 -9.99	 -9.99	 -9.99	 
10191	300	1652.00	1653.00	1654.00	20040816	20040820	 31.58	 31.07	 64.15	 64.38	 -9.99	 19.71	  8.56	 14.14	 
10192	150	1655.00	1656.00	1657.00	20040913	20040917	 31.58	 31.76	 64.17	 64.42	 16.86	 20.81	 17.69	 18.45	 
10192	200	1659.00	1660.00	1661.00	20040913	20040917	 31.58	 31.76	 64.17	 64.42	 10.11	  6.72	 16.26	 11.03	 
10192	300	1663.00	1664.00	1665.00	20040913	20040917	 31.58	 31.76	 64.17	 64.42	 10.96	  9.43	  8.26	  9.55	 
10193	150	1667.00	1668.00	1669.00	20041013	20041015	 31.61	 31.37	 64.15	 64.37	 16.21	 11.53	 22.74	 16.83	 
10193	200	1671.00	1672.00	1673.00	20041013	20041015	 31.61	 31.37	 64.15	 64.37	  8.38	 11.95	 13.39	 11.24	 
10193	300	1675.00	1676.00	1677.00	20041013	20041015	 31.61	 31.37	 64.15	 64.37	 10.14	 11.97	  6.32	  9.48	 
10194	150	1679.00	1680.00	1681.00	20041111	20041114	 31.59	 31.89	 64.17	 64.57	 22.62	 15.83	 12.86	 17.10	 
10194	200	1683.00	1684.00	1685.00	20041111	20041114	 31.59	 31.89	 64.17	 64.57	  9.46	  7.15	 11.02	  9.21	 
10194	300	1687.00	1688.00	1689.00	20041111	20041114	 31.59	 31.89	 64.17	 64.57	  8.90	 15.86	  4.13	  9.63	 
10195	150	1691.00	1692.00	1693.00	20041208	20041211	 31.58	 31.77	 64.17	 64.13	 15.07	 10.24	 11.49	 12.27	 
10195	200	1695.00	1696.00	1697.00	20041208	20041211	 31.58	 31.77	 64.17	 64.13	  7.95	 10.01	  6.63	  8.20	 
10195	300	1699.00	1700.00	1701.00	20041208	20041211	 31.58	 31.77	 64.17	 64.13	  6.32	  8.21	  5.67	  6.73	 
10196	150	1703.00	1704.00	1705.00	20050127	20050130	 31.57	 31.71	 64.17	 64.44	112.17	115.32	 85.39	104.29	 
10196	200	1707.00	1708.00	1709.00	20050127	20050130	 31.57	 31.71	 64.17	 64.44	 51.71	 38.35	 36.81	 42.29	 
10196	300	1711.00	1712.00	1713.00	20050127	20050130	 31.57	 31.71	 64.17	 64.44	 25.95	 32.74	 26.47	 28.39	 
10197	150	1715.00	1716.00	1717.00	20050223	20050227	 31.57	 31.46	 64.17	 64.40	 48.47	 61.26	 58.27	 56.00	 
10197	200	1719.00	1720.00	1721.00	20050223	20050227	 31.57	 31.46	 64.17	 64.40	 44.68	 62.86	 38.47	 48.67	 
10197	300	1723.00	1724.00	1725.00	20050223	20050227	 31.57	 31.46	 64.17	 64.40	 29.57	 28.36	 26.40	 28.11	 
10198	150	1727.00	1728.00	1729.00	20050321	20050323	 31.59	 31.80	 64.17	 64.16	 75.75	 87.32	 83.57	 82.21	 
10198	200	1731.00	1732.00	1733.00	20050321	20050323	 31.59	 31.80	 64.17	 64.16	 46.87	 46.46	 47.79	 47.04	 
10198	300	1735.00	1736.00	1737.00	20050321	20050323	 31.59	 31.80	 64.17	 64.16	 33.61	 27.04	 16.65	 25.77	 
10199	150	1739.00	1740.00	1741.00	20050419	20050422	 31.59	 31.01	 64.16	 64.62	 27.23	 29.86	 27.12	 28.07	 
10199	200	1743.00	1744.00	1745.00	20050419	20050422	 31.59	 31.01	 64.16	 64.62	 23.37	 18.86	 20.77	 21.00	 
10199	300	1747.00	1748.00	1749.00	20050419	20050422	 31.59	 31.01	 64.16	 64.62	 11.72	 33.78	 25.05	 23.52	 
10200	150	1751.00	1752.00	1753.00	20050516	20050520	 31.58	 31.71	 64.17	 64.90	 21.62	 30.63	 20.89	 24.38	 
10200	200	1755.00	1756.00	1757.00	20050516	20050520	 31.58	 31.71	 64.17	 64.90	 13.30	 15.68	 20.69	 16.56	 
10200	300	1759.00	1760.00	1761.00	20050516	20050520	 31.58	 31.71	 64.17	 64.90	 10.63	 12.89	 10.93	 11.48	 
10201	150	1763.00	1764.00	1765.00	20050613	20050617	 31.58	 31.28	 64.15	 64.94	 13.78	 13.16	 10.42	 12.45	 
10201	200	1767.00	1768.00	1769.00	20050613	20050617	 31.58	 31.28	 64.15	 64.94	 12.08	  9.36	  9.80	 10.41	 
10201	300	1771.00	1772.00	1773.00	20050613	20050617	 31.58	 31.28	 64.15	 64.94	  7.02	  6.85	  6.41	  6.76	 
10202	150	1775.00	1776.00	1777.00	20050719	20050721	 31.58	 31.64	 64.17	 64.95	 25.81	 36.23	 20.33	 27.46	 
10202	200	1779.00	1780.00	1781.00	20050719	20050721	 31.58	 31.64	 64.17	 64.95	 12.03	 14.52	 14.00	 13.52	 
10202	300	1783.00	1784.00	1785.00	20050719	20050721	 31.58	 31.64	 64.17	 64.95	  9.82	  8.90	 11.25	  9.99	 
10203	150	1797.00	1798.00	1799.00	20050809	20050811	 31.59	 31.66	 64.16	 64.30	 15.97	 18.42	 19.14	 17.84	 
10203	200	1801.00	1802.00	1803.00	20050809	20050811	 31.59	 31.66	 64.16	 64.30	  9.60	 11.75	 13.05	 11.47	 
10203	300	1805.00	1806.00	1807.00	20050809	20050811	 31.59	 31.66	 64.16	 64.30	  9.09	  7.61	  7.56	  8.09	 
10204	150	1819.00	1820.00	1821.00	20050906	20050907	 31.60	 31.62	 64.16	 64.16	 25.19	 24.47	 21.12	 23.59	 
10204	200	1823.00	1824.00	1825.00	20050906	20050907	 31.60	 31.62	 64.16	 64.16	 10.15	 13.49	 17.50	 13.71	 
10204	300	1827.00	1828.00	1829.00	20050906	20050907	 31.60	 31.62	 64.16	 64.16	 22.17	 19.15	 20.25	 20.52	 
10205	150	1843.00	1832.00	1833.00	20051010	20051014	 31.60	 31.62	 64.16	 64.16	  9.87	 18.79	 14.02	 14.23	 
10205	200	1835.00	1836.00	1837.00	20051010	20051014	 31.60	 31.62	 64.16	 64.16	  7.09	 13.57	 12.82	 11.16	 
10205	300	1839.00	1840.00	1841.00	20051010	20051014	 31.60	 31.62	 64.16	 64.16	  7.86	 10.50	 10.05	  9.47	 
10206	150	1844.00	1845.00	1846.00	20051123	20051126	 31.58	 31.48	 64.18	 64.16	 12.61	 10.38	  9.42	 10.80	 
10206	200	1848.00	1849.00	1850.00	20051123	20051126	 31.58	 31.48	 64.18	 64.16	  6.07	  6.94	  5.80	  6.27	 
10206	300	1852.00	1853.00	1854.00	20051123	20051126	 31.58	 31.48	 64.18	 64.16	  4.37	  6.50	  5.73	  5.53	 
10207	150	1856.00	1857.00	1858.00	20051208	20051211	 31.59	 31.70	 64.16	 64.13	 10.22	  7.32	 19.36	 12.30	 
10207	200	1860.00	1861.00	1862.00	20051208	20051211	 31.59	 31.70	 64.16	 64.13	  8.16	  6.04	  8.07	  7.42	 
10207	300	1864.00	1865.00	1866.00	20051208	20051211	 31.59	 31.70	 64.16	 64.13	  5.93	 11.14	  5.82	  7.63	 
10208	150	1868.00	1869.00	1870.00	20060129	20060130	 31.57	 31.49	 64.17	 64.08	 35.44	 39.68	 30.47	 35.20	 
10208	200	1872.00	1873.00	1874.00	20060129	20060130	 31.57	 31.49	 64.17	 64.08	 21.72	 22.43	 24.99	 23.05	 
10208	300	1876.00	1877.00	1878.00	20060129	20060130	 31.57	 31.49	 64.17	 64.08	 16.96	  6.77	 15.34	 13.02	 
10209	150	1880.00	1881.00	1882.00	20060220	20060223	 31.59	 31.73	 64.17	 63.86	 35.03	 45.35	 28.88	 36.42	 
10209	200	1884.00	1885.00	1886.00	20060220	20060223	 31.59	 31.73	 64.17	 63.86	 26.11	 12.38	 18.09	 18.86	 
10209	300	1888.00	1889.00	1890.00	20060220	20060223	 31.59	 31.73	 64.17	 63.86	  8.96	 10.04	 11.31	 10.10	 
10210	150	1892.00	1893.00	1894.00	20060404	20060406	 31.66	 31.69	 64.16	 64.21	 38.99	 23.38	 35.01	 32.46	 
10210	200	1896.00	1897.00	1898.00	20060404	20060406	 31.66	 31.69	 64.16	 64.21	 36.49	 30.42	 26.78	 31.23	 
10210	300	1900.00	1901.00	1902.00	20060404	20060406	 31.66	 31.69	 64.16	 64.21	 24.12	 24.50	 14.46	 21.03	 
10211	150	1904.00	1905.00	1906.00	20060509	20060511	 31.66	 31.23	 64.15	 64.11	  1.28	  2.99	  1.74	  2.00	 
10211	200	1908.00	1909.00	1910.00	20060509	20060511	 31.66	 31.23	 64.15	 64.11	  2.26	  1.76	  4.63	  2.88	 
10211	300	1912.00	1913.00	1914.00	20060509	20060511	 31.66	 31.23	 64.15	 64.11	 -9.99	  3.10	  4.32	  3.71	 
10212	150	1916.00	1917.00	1918.00	20060628	20060628	 31.67	 31.89	 64.18	 64.46	 38.41	 35.90	 35.99	 36.77	 
10212	200	1920.00	1921.00	1922.00	20060628	20060628	 31.67	 31.89	 64.18	 64.46	 30.96	 37.82	 33.88	 34.22	 
10212	300	1924.00	1925.00	1926.00	20060628	20060628	 31.67	 31.89	 64.18	 64.46	 19.22	 31.23	 72.11	 40.85	 
10213	150	1928.00	1929.00	1930.00	20060717	20060720	 31.56	 31.25	 64.16	 63.96	 27.10	 21.83	 17.20	 22.04	 
10213	200	1932.00	1933.00	1934.00	20060717	20060720	 31.56	 31.25	 64.16	 63.96	  2.92	 12.17	 13.69	  9.59	 
10213	300	1936.00	1937.00	1938.00	20060717	20060720	 31.56	 31.25	 64.16	 63.96	 11.72	  5.77	  6.87	  8.12	 
10214	150	1940.00	1941.00	1942.00	20060807	20060811	 31.58	 31.60	 64.17	 64.60	 13.76	 19.32	  9.40	 14.16	 
10214	200	1944.00	1945.00	1946.00	20060807	20060811	 31.58	 31.60	 64.17	 64.60	 14.39	 12.02	 12.62	 13.01	 
10214	300	1948.00	1949.00	1950.00	20060807	20060811	 31.58	 31.60	 64.17	 64.60	  6.47	  7.28	  7.10	  6.95	 
10215	150	1952.00	1953.00	1954.00	20060904	20060908	 31.59	 31.34	 64.17	 64.80	 10.93	  9.18	 21.66	 13.92	 
10215	200	1956.00	1957.00	1958.00	20060904	20060908	 31.59	 31.34	 64.17	 64.80	  6.48	  5.18	  6.52	  6.06	 
10215	300	1960.00	1961.00	1962.00	20060904	20060908	 31.59	 31.34	 64.17	 64.80	  8.50	  8.01	  4.60	  7.04	 
10216	150	1964.00	1965.00	1966.00	20061010	20061014	 31.59	 32.18	 64.17	 64.26	  9.30	 24.50	  9.53	 14.44	 
10216	200	1968.00	1969.00	1970.00	20061010	20061014	 31.59	 32.18	 64.17	 64.26	 22.69	 13.74	 11.99	 16.14	 
10216	300	1972.00	1973.00	1974.00	20061010	20061014	 31.59	 32.18	 64.17	 64.26	 20.54	 23.48	  4.14	 16.05	 
10217	150	1976.00	1977.00	1978.00	20061106	20061111	 31.59	 31.50	 64.17	 64.47	 21.31	 33.43	 12.30	 22.35	 
10217	200	1980.00	1981.00	1982.00	20061106	20061111	 31.59	 31.50	 64.17	 64.47	 -9.99	 16.98	 19.11	 18.05	 
10217	300	1984.00	1985.00	1986.00	20061106	20061111	 31.59	 31.50	 64.17	 64.47	 13.75	 18.31	 41.36	 24.47	 
10218	150	1988.00	1989.00	1990.00	20061203	20061206	 31.58	 31.21	 64.16	 63.70	  7.80	 15.20	 19.37	 14.12	 
10218	200	1992.00	1993.00	1994.00	20061203	20061206	 31.58	 31.21	 64.16	 63.70	 16.25	 17.85	 17.82	 17.31	 
10218	300	1996.00	1997.00	1998.00	20061203	20061206	 31.58	 31.21	 64.16	 63.70	 12.52	  7.25	  6.93	  8.90	 
10219	150	2000.00	2001.00	2002.00	20070128	20070130	 31.57	 31.08	 64.18	 63.95	 56.32	 39.85	 50.24	 48.80	 
10219	200	2004.00	2005.00	2006.00	20070128	20070130	 31.57	 31.08	 64.18	 63.95	 44.06	 34.10	 13.45	 30.54	 
10219	300	2008.00	2009.00	2010.00	20070128	20070130	 31.57	 31.08	 64.18	 63.95	 13.98	 22.61	 18.24	 18.28	 
10220	150	2012.00	2013.00	2014.00	20070221	20070222	 31.57	 31.59	 64.17	 64.19	 73.13	 96.80	 56.25	 75.39	 
10220	200	2016.00	2017.00	2018.00	20070221	20070222	 31.57	 31.59	 64.17	 64.19	 31.11	 41.23	 26.51	 32.95	 
10220	300	2020.00	2021.00	2022.00	20070221	20070222	 31.57	 31.59	 64.17	 64.19	 14.32	 24.33	 12.00	 16.88	 
10221	150	2024.00	2025.00	2026.00	20070320	20070322	 31.59	 31.29	 64.17	 64.70	112.82	119.93	 85.48	106.08	 
10221	200	2028.00	2029.00	2030.00	20070320	20070322	 31.59	 31.29	 64.17	 64.70	 76.73	 51.44	 68.76	 65.64	 
10221	300	2032.00	2033.00	2034.00	20070320	20070322	 31.59	 31.29	 64.17	 64.70	 25.29	 24.15	 25.36	 24.93	 
10222	150	2036.00	2037.00	2038.00	20070414	20070420	 31.59	 32.66	 64.18	 63.95	 33.11	 25.72	 22.40	 27.08	 
10222	200	2040.00	2041.00	2042.00	20070414	20070420	 31.59	 32.66	 64.18	 63.95	 20.12	 15.22	 15.61	 16.98	 
10222	300	2044.00	2045.00	2046.00	20070414	20070420	 31.59	 32.66	 64.18	 63.95	  4.99	  7.11	  8.42	  6.84	 
10223	150	2048.00	2049.00	2050.00	20070516	20070519	 31.58	 30.55	 64.17	 64.67	 17.42	 23.05	 24.12	 21.53	 
10223	200	2052.00	2053.00	2054.00	20070516	20070519	 31.58	 30.55	 64.17	 64.67	 37.51	  9.08	 22.42	 23.00	 
10223	300	2056.00	2057.00	2058.00	20070516	20070519	 31.58	 30.55	 64.17	 64.67	  5.24	  5.98	  6.74	  5.99	 
10224	150	2060.00	2061.00	2062.00	20070620	20070623	 31.58	 32.13	 64.19	 64.35	 23.85	 40.63	 -9.99	 32.24	 
10224	200	2064.00	2065.00	2066.00	20070620	20070623	 31.58	 32.13	 64.19	 64.35	 -9.99	 14.32	  8.34	 11.33	 
10224	300	2068.00	2069.00	2070.00	20070620	20070623	 31.58	 32.13	 64.19	 64.35	  5.97	  8.94	  8.31	  7.74	 
10225	150	2072.00	2073.00	2074.00	20070718	20070720	 31.58	 31.51	 64.17	 64.61	 62.70	 66.13	 59.25	 62.69	 
10225	200	2076.00	2077.00	2078.00	20070718	20070720	 31.58	 31.51	 64.17	 64.61	 35.54	 48.37	 34.86	 39.59	 
10225	300	2080.00	2081.00	2082.00	20070718	20070720	 31.58	 31.51	 64.17	 64.61	 25.22	 23.30	 18.96	 22.49	 
10226	150	2084.00	2085.00	2086.00	20070815	20070818	 31.58	 31.90	 64.17	 64.50	 50.68	 20.20	 47.41	 39.43	 
10226	200	2088.00	2089.00	2090.00	20070815	20070818	 31.58	 31.90	 64.17	 64.50	 21.10	 11.43	 20.69	 17.74	 
10226	300	2092.00	2093.00	2094.00	20070815	20070818	 31.58	 31.90	 64.17	 64.50	  9.02	  8.21	 11.19	  9.47	 
10227	150	2096.00	2097.00	2098.00	20070906	20070909	 31.59	 32.24	 64.18	 64.50	 26.21	 21.12	 19.69	 22.34	 
10227	200	2100.00	2101.00	2102.00	20070906	20070909	 31.59	 32.24	 64.18	 64.50	 12.65	 12.92	 22.58	 16.05	 
10227	300	2104.00	2105.00	2106.00	20070906	20070909	 31.59	 32.24	 64.18	 64.50	 10.08	  7.66	  3.45	  7.06	 
10228	150	2108.00	2109.00	2110.00	20071005	20071008	 31.59	 31.69	 64.17	 64.68	 17.19	 10.82	 30.38	 19.46	 
10228	200	2112.00	2113.00	2114.00	20071005	20071008	 31.59	 31.69	 64.17	 64.68	  7.47	 10.05	 17.70	 11.74	 
10228	300	2116.00	2117.00	2118.00	20071005	20071008	 31.59	 31.69	 64.17	 64.68	  6.95	 -9.99	  6.09	  6.52	 
10229	150	2120.00	2121.00	2122.00	20071113	20071116	 31.57	 31.25	 64.17	 64.37	 11.03	 11.69	 10.88	 11.20	 
10229	200	2124.00	2125.00	2126.00	20071113	20071116	 31.57	 31.25	 64.17	 64.37	  7.04	  9.29	  7.20	  7.84	 
10229	300	2128.00	2129.00	2130.00	20071113	20071116	 31.57	 31.25	 64.17	 64.37	  7.05	 11.98	  7.49	  8.84	 
10230	150	2132.00	2133.00	2134.00	20071205	20071207	 31.59	 31.93	 64.18	 64.57	  3.07	  8.50	  6.38	  5.98	 
10230	200	2136.00	2137.00	2138.00	20071205	20071207	 31.59	 31.93	 64.18	 64.57	  3.33	  7.59	 11.98	  7.63	 
10230	300	2140.00	2141.00	2142.00	20071205	20071207	 31.59	 31.93	 64.18	 64.57	  4.20	 -9.99	  3.14	  3.67	 
10231	150	2144.00	2145.00	2146.00	20080115	20080118	 31.59	 31.23	 64.18	 65.09	 31.07	 42.69	 29.01	 34.26	 
10231	200	2148.00	2149.00	2150.00	20080115	20080118	 31.59	 31.23	 64.18	 65.09	 27.78	 16.94	 18.76	 21.16	 
10231	300	2152.00	2153.00	2154.00	20080115	20080118	 31.59	 31.23	 64.18	 65.09	 14.58	 11.80	 12.57	 12.98	 
10232	150	2156.00	2157.00	2158.00	20080212	20080215	 31.57	 31.43	 64.18	 64.60	 35.77	 37.81	 34.96	 36.18	 
10232	200	2160.00	2161.00	2162.00	20080212	20080215	 31.57	 31.43	 64.18	 64.60	 35.47	 36.65	 27.01	 33.04	 
10232	300	2164.00	2165.00	2166.00	20080212	20080215	 31.57	 31.43	 64.18	 64.60	 19.06	 -9.99	 15.72	 17.39	 
10233	150	2168.00	2169.00	2170.00	20080313	20080316	 31.58	 31.44	 64.17	 64.50	 14.93	 11.49	 23.52	 16.65	 
10233	200	2172.00	2173.00	2174.00	20080313	20080316	 31.58	 31.44	 64.17	 64.50	  9.46	 17.68	 11.71	 12.95	 
10233	300	2176.00	2177.00	2178.00	20080313	20080316	 31.58	 31.44	 64.17	 64.50	  5.82	  9.06	  5.82	  6.90	 
10234	150	2180.00	2181.00	2182.00	20080419	20080421	 31.59	 31.41	 64.15	 64.14	 19.36	 30.90	 28.50	 26.25	 
10234	200	2184.00	2185.00	2186.00	20080419	20080421	 31.59	 31.41	 64.15	 64.14	 16.08	 17.45	 32.88	 22.14	 
10234	300	2188.00	2189.00	2190.00	20080419	20080421	 31.59	 31.41	 64.15	 64.14	 10.84	  9.58	  9.36	  9.93	 
10235	150	2192.00	2193.00	2194.00	20080529	20080531	 31.59	 31.63	 64.16	 64.14	 14.96	 16.33	 16.96	 16.08	 
10235	200	2196.00	2197.00	2198.00	20080529	20080531	 31.59	 31.63	 64.16	 64.14	 15.94	  9.59	 16.06	 13.86	 
10235	300	2200.00	2201.00	2202.00	20080529	20080531	 31.59	 31.63	 64.16	 64.14	  5.82	  8.65	 10.59	  8.35	 
10236	150	2204.00	2205.00	2206.00	20080626	20080628	 31.59	 31.99	 64.17	 64.83	 27.27	 21.76	 -9.99	 24.52	 
10236	200	2208.00	2209.00	2210.00	20080626	20080628	 31.59	 31.99	 64.17	 64.83	 11.32	 15.07	 15.88	 14.09	 
10236	300	2212.00	2213.00	2214.00	20080626	20080628	 31.59	 31.99	 64.17	 64.83	 18.79	  7.86	 12.75	 13.13	 
10237	150	2216.00	2217.00	2218.00	20080716	20080719	 31.55	 31.50	 64.21	 64.85	 19.28	 23.13	 18.41	 20.27	 
10237	200	2220.00	2221.00	2222.00	20080716	20080719	 31.55	 31.50	 64.21	 64.85	 18.58	 21.28	 30.86	 23.57	 
10237	300	2224.00	2225.00	2226.00	20080716	20080719	 31.55	 31.50	 64.21	 64.85	 15.45	 17.50	 14.35	 15.77	 
10238	150	2228.00	2229.00	2230.00	20080812	20080816	 31.56	 32.09	 64.19	 64.70	 13.96	 20.19	 24.55	 19.57	 
10238	200	2232.00	2233.00	2234.00	20080812	20080816	 31.56	 32.09	 64.19	 64.70	  3.80	  6.29	  9.51	  6.53	 
10238	300	2236.00	2237.00	2238.00	20080812	20080816	 31.56	 32.09	 64.19	 64.70	  2.46	  1.73	  3.57	  2.59	 
10239	150	2240.00	2241.00	2242.00	20080910	20080913	 31.58	 31.68	 64.17	 64.95	 19.81	 11.51	 11.60	 14.31	 
10239	200	2244.00	2245.00	2246.00	20080910	20080913	 31.58	 31.68	 64.17	 64.95	  2.19	  5.20	  7.87	  5.09	 
10239	300	2248.00	2249.00	2250.00	20080910	20080913	 31.58	 31.68	 64.17	 64.95	  7.39	  5.67	  5.36	  6.14	 
10240	150	2252.00	2253.00	2254.00	20081007	20081010	 31.59	 31.79	 64.19	 64.52	 20.36	 15.03	 31.37	 22.25	 
10240	200	2256.00	2257.00	2258.00	20081007	20081010	 31.59	 31.79	 64.19	 64.52	 12.08	  2.67	 -9.99	  7.38	 
10240	300	2260.00	2261.00	2262.00	20081007	20081010	 31.59	 31.79	 64.19	 64.52	  4.76	  3.45	  4.80	  4.34	 
10241	150	2264.00	2265.00	2266.00	20081108	20081111	 31.58	 31.36	 64.18	 64.05	 26.63	 15.68	  4.63	 15.65	 
10241	200	2268.00	2269.00	2270.00	20081108	20081111	 31.58	 31.36	 64.18	 64.05	  8.67	  7.04	 15.04	 10.25	 
10241	300	2272.00	2273.00	2274.00	20081108	20081111	 31.58	 31.36	 64.18	 64.05	  4.99	  6.87	  3.01	  4.96	 
10242	150	2276.00	2277.00	2278.00	20081215	20081217	 31.58	 31.28	 64.17	 64.31	 39.24	 45.11	 39.84	 41.40	 
10242	200	  -9.99	  -9.99	  -9.99	20081215	20081217	 31.58	 31.28	 64.17	 64.31	 -9.99	 -9.99	 -9.99	 -9.99	 
10242	300	  -9.99	  -9.99	  -9.99	20081215	20081217	 31.58	 31.28	 64.17	 64.31	 -9.99	 -9.99	 -9.99	 -9.99	 
10243	150	2280.00	2281.00	2282.00	20090208	20090210	 31.57	 31.38	 64.17	 64.36	 30.43	 18.47	 25.86	 24.92	 
10243	200	2284.00	2285.00	2286.00	20090208	20090210	 31.57	 31.38	 64.17	 64.36	 13.52	  8.18	  7.64	  9.78	 
10243	300	2288.00	2289.00	2290.00	20090208	20090210	 31.57	 31.38	 64.17	 64.36	  6.27	 -9.99	  4.38	  5.32	 
10244	150	2292.00	2293.00	2294.00	20090317	20090320	 31.58	 31.68	 64.19	 64.26	 57.01	 -9.99	 44.27	 50.64	 
10244	200	2296.00	2297.00	2298.00	20090317	20090320	 31.58	 31.68	 64.19	 64.26	 23.31	 28.13	 22.90	 24.78	 
10244	300	2300.00	2301.00	2302.00	20090317	20090320	 31.58	 31.68	 64.19	 64.26	 18.61	 15.92	 22.69	 19.07	 
10245	150	2304.00	2305.00	2306.00	20090414	20090416	 31.58	 31.67	 64.17	 63.97	 14.88	 20.48	 19.65	 18.34	 
10245	200	2308.00	2309.00	2310.00	20090414	20090416	 31.58	 31.67	 64.17	 63.97	 22.74	 23.20	 16.21	 20.72	 
10245	300	2312.00	2313.00	2314.00	20090414	20090416	 31.58	 31.67	 64.17	 63.97	  8.47	 13.88	  6.32	  9.56	 
10246	150	2316.00	2317.00	2318.00	20090515	20090518	 31.58	 31.70	 64.16	 64.31	 17.83	 17.31	 25.72	 20.29	 
10246	200	2320.00	2321.00	2322.00	20090515	20090518	 31.58	 31.70	 64.16	 64.31	 20.22	 33.51	 13.49	 22.41	 
10246	300	2324.00	2325.00	2326.00	20090515	20090518	 31.58	 31.70	 64.16	 64.31	 14.28	 15.72	  8.62	 12.87	 
10247	150	2328.00	2329.00	2330.00	20090610	20090613	 31.58	 31.68	 64.17	 64.36	 18.85	 44.67	 20.31	 27.94	 
10247	200	2332.00	2333.00	2334.00	20090610	20090613	 31.58	 31.68	 64.17	 64.36	 14.40	 18.37	 -9.99	 16.39	 
10247	300	2336.00	2337.00	2338.00	20090610	20090613	 31.58	 31.68	 64.17	 64.36	  7.32	  4.34	  7.94	  6.53	 
10248	150	2340.00	2341.00	2342.00	20090714	20090717	 31.57	 31.35	 64.17	 64.19	 39.34	 58.71	 48.40	 48.82	 
10248	200	2344.00	2345.00	2346.00	20090714	20090717	 31.57	 31.35	 64.17	 64.19	 29.91	 36.62	 23.04	 29.86	 
10248	300	2348.00	2349.00	2350.00	20090714	20090717	 31.57	 31.35	 64.17	 64.19	 21.95	 17.24	 28.97	 22.72	 
10249	150	2352.00	2353.00	2354.00	20090813	20090816	 31.58	 31.58	 64.17	 64.87	 25.58	 40.36	 32.81	 32.92	 
10249	200	2356.00	2357.00	2358.00	20090813	20090816	 31.58	 31.58	 64.17	 64.87	 28.33	 27.42	 25.16	 26.97	 
10249	300	2360.00	2361.00	2362.00	20090813	20090816	 31.58	 31.58	 64.17	 64.87	 16.25	 16.51	 17.85	 16.87	 
10250	150	2364.00	2365.00	2366.00	20090910	20090913	 31.58	 31.31	 64.17	 63.80	 29.17	 36.04	 35.15	 33.45	 
10250	200	2368.00	2369.00	2370.00	20090910	20090913	 31.58	 31.31	 64.17	 63.80	 20.38	 22.94	 18.25	 20.52	 
10250	300	2372.00	2373.00	2374.00	20090910	20090913	 31.58	 31.31	 64.17	 63.80	 17.63	 13.53	 24.62	 18.59	 
10251	150	2376.00	2377.00	2378.00	20091009	20091012	 31.60	 31.73	 64.18	 64.43	 -9.99	 22.17	 20.60	 21.39	 
10251	200	2380.00	2381.00	2382.00	20091009	20091012	 31.60	 31.73	 64.18	 64.43	 13.79	 15.51	 17.61	 15.64	 
10251	300	2384.00	2385.00	2386.00	20091009	20091012	 31.60	 31.73	 64.18	 64.43	 44.54	 14.79	  9.15	 22.83	 
10252	150	2388.00	2389.00	2390.00	20091106	20091109	 31.59	 31.80	 64.17	 64.04	 13.66	 21.32	 14.86	 16.61	 
10252	200	2392.00	2393.00	2394.00	20091106	20091109	 31.59	 31.80	 64.17	 64.04	  8.11	  7.36	 15.98	 10.48	 
10252	300	2396.00	2397.00	2398.00	20091106	20091109	 31.59	 31.80	 64.17	 64.04	 11.42	 16.56	 10.76	 12.91	 
10253	150	2400.00	2401.00	2402.00	20091208	20091210	 31.59	 31.09	 64.16	 63.85	 15.75	 21.69	 14.27	 17.24	 
10253	200	2404.00	2405.00	2406.00	20091208	20091210	 31.59	 31.09	 64.16	 63.85	 15.67	 29.10	 20.97	 21.91	 
10253	300	2408.00	2409.00	2410.00	20091208	20091210	 31.59	 31.09	 64.16	 63.85	 12.95	  5.65	  6.53	  8.38	 
10254	150	2412.00	2413.00	2414.00	20100203	20100205	 31.56	 31.94	 64.19	 64.36	 82.74	140.07	 93.27	105.36	 
10254	200	2416.00	2417.00	2418.00	20100203	20100205	 31.56	 31.94	 64.19	 64.36	 -9.99	 -9.99	 -9.99	 -9.99	 
10254	300	2420.00	2421.00	2422.00	20100203	20100205	 31.56	 31.94	 64.19	 64.36	 -9.99	 -9.99	 -9.99	 -9.99	 
10255	150	2424.00	2425.00	2426.00	20100223	20100225	 31.60	 31.42	 64.18	 64.32	 -9.99	 -9.99	 -9.99	 -9.99	 
10255	200	2428.00	2429.00	2430.00	20100223	20100225	 31.60	 31.42	 64.18	 64.32	 -9.99	 -9.99	 -9.99	 -9.99	 
10255	300	2432.00	2433.00	2434.00	20100223	20100225	 31.60	 31.42	 64.18	 64.32	 -9.99	 -9.99	 -9.99	 -9.99	 
10256	150	2436.00	2437.00	2438.00	20100324	20100326	 31.58	 31.38	 64.17	 64.38	 57.35	 48.96	 37.49	 47.93	 
10256	200	2440.00	2441.00	2442.00	20100324	20100326	 31.58	 31.38	 64.17	 64.38	 34.21	 31.44	 37.94	 34.53	 
10256	300	2444.00	2445.00	2446.00	20100324	20100326	 31.58	 31.38	 64.17	 64.38	 20.77	 24.92	 15.70	 20.46	 
10257	150	2448.00	2449.00	2450.00	20100420	20100423	 31.59	 31.72	 64.16	 64.42	  9.74	  0.00	  3.98	  6.86	 
10257	200	2452.00	2453.00	2454.00	20100420	20100423	 31.59	 31.72	 64.16	 64.42	  9.26	  5.17	 11.51	  8.65	 
10257	300	2456.00	2457.00	2458.00	20100420	20100423	 31.59	 31.72	 64.16	 64.42	  6.91	  0.00	  7.87	  7.39	 
10258	150	2464.00	2465.00	2466.00	20100513	20100515	 31.57	 31.26	 64.17	 64.27	 56.09	 86.36	 73.90	 72.12	 
10258	200	2468.00	2469.00	2470.00	20100513	20100515	 31.57	 31.26	 64.17	 64.27	 73.01	 56.09	102.39	 77.16	 
10258	300	2472.00	2473.00	2474.00	20100513	20100515	 31.57	 31.26	 64.17	 64.27	 47.19	 24.93	 19.59	 30.57	 
10259	150	2476.00	2477.00	2478.00	20100621	20100625	 31.58	 31.83	 64.17	 64.67	 13.11	 14.34	 12.66	 13.37	 
10259	200	2480.00	2481.00	2482.00	20100621	20100625	 31.58	 31.83	 64.17	 64.67	  9.48	 10.27	 12.04	 10.60	 
10259	300	2484.00	2485.00	2486.00	20100621	20100625	 31.58	 31.83	 64.17	 64.67	  7.65	  8.02	  3.13	  6.27	 
10260	150	2488.00	2489.00	2490.00	20100722	20100726	 31.58	 31.58	 64.18	 64.35	 17.34	 13.87	  8.84	 13.35	 
10260	200	2492.00	2493.00	2494.00	20100722	20100726	 31.58	 31.58	 64.18	 64.35	 11.22	  9.16	 10.10	 10.16	 
10260	300	2496.00	2497.00	2498.00	20100722	20100726	 31.58	 31.58	 64.18	 64.35	  4.24	  4.88	 -9.99	  4.56	 
10261	150	2500.00	2501.00	2502.00	20100820	20100821	 31.58	 31.67	 64.17	 64.17	 10.29	 14.02	 12.35	 12.22	 
10261	200	2504.00	2505.00	2506.00	20100820	20100821	 31.58	 31.67	 64.17	 64.17	  8.08	  9.79	  6.41	  8.09	 
10261	300	2508.00	2509.00	2510.00	20100820	20100821	 31.58	 31.67	 64.17	 64.17	  9.34	 12.44	  8.69	 10.16	 
10262	150	2512.00	2513.00	2514.00	20100905	20100907	 31.58	 31.43	 64.17	 63.84	 12.35	 10.14	  8.78	 10.42	 
10262	200	2516.00	2517.00	2518.00	20100905	20100907	 31.58	 31.43	 64.17	 63.84	  7.01	  5.66	  9.26	  7.31	 
10262	300	2520.00	2521.00	2522.00	20100905	20100907	 31.58	 31.43	 64.17	 63.84	  5.85	  5.77	  4.79	  5.47	 
10263	150	2524.00	2525.00	2526.00	20101005	20101008	 31.59	 31.68	 64.14	 63.45	 15.81	 10.93	 15.38	 14.04	 
10263	200	2528.00	2529.00	2530.00	20101005	20101008	 31.59	 31.68	 64.14	 63.45	 23.03	 27.20	 12.69	 20.97	 
10263	300	2532.00	2533.00	2534.00	20101005	20101008	 31.59	 31.68	 64.14	 63.45	 11.41	  9.19	 -9.99	 10.30	 
10264	150	2536.00	2537.00	2538.00	20101109	20101112	 31.58	 31.83	 64.18	 64.02	  9.30	 12.63	 17.92	 13.28	 
10264	200	2540.00	2541.00	2542.00	20101109	20101112	 31.58	 31.83	 64.18	 64.02	  7.98	  1.81	 12.56	  7.45	 
10264	300	2544.00	2545.00	2546.00	20101109	20101112	 31.58	 31.83	 64.18	 64.02	 11.07	  0.12	  2.38	  4.52	 
10265	150	2548.00	2549.00	2550.00	20101209	20101209	 31.67	 31.67	 64.18	 64.17	 21.30	 21.80	 22.36	 21.82	 
10265	200	2552.00	2553.00	2554.00	20101209	20101209	 31.67	 31.67	 64.18	 64.17	 12.32	 16.93	 19.54	 16.26	 
10265	300	2556.00	2557.00	2558.00	20101209	20101209	 31.67	 31.67	 64.18	 64.17	 14.96	 14.40	 16.57	 15.31	 
10266	150	  23.00	  24.00	  25.00	20110302	20110305	 31.67	 31.68	 64.17	 65.54	 32.80	 26.89	 25.06	 28.25	 
10266	200	  26.00	  27.00	  28.00	20110302	20110305	 31.67	 31.68	 64.17	 65.54	 21.60	 23.90	 22.84	 22.78	 
10266	300	  29.00	  30.00	  31.00	20110302	20110305	 31.67	 31.68	 64.17	 65.54	 15.64	 17.16	 15.80	 16.20	 
10267	150	2572.00	2573.00	2574.00	20110325	20110328	 31.59	 31.58	 64.19	 64.75	111.51	114.60	115.95	114.02	 
10267	200	2576.00	2577.00	2578.00	20110325	20110328	 31.59	 31.58	 64.19	 64.75	107.19	109.47	102.78	106.48	 
10267	300	2580.00	2581.00	2582.00	20110325	20110328	 31.59	 31.58	 64.19	 64.75	 66.07	 70.12	104.71	 80.30	 
10268	150	2584.00	2585.00	2586.00	20110428	20110502	 31.67	 31.74	 64.16	 64.60	 10.18	 19.79	 13.23	 14.40	 
10268	200	2588.00	2589.00	2590.00	20110428	20110502	 31.67	 31.74	 64.16	 64.60	 12.70	  9.60	 11.36	 11.22	 
10268	300	2592.00	2593.00	2594.00	20110428	20110502	 31.67	 31.74	 64.16	 64.60	 10.50	 11.16	 10.60	 10.75	 
10269	150	2596.00	2597.00	2598.00	20110516	20110519	 31.58	 31.67	 64.16	 63.96	 11.10	 20.98	 23.19	 18.42	 
10269	200	2600.00	2601.00	2602.00	20110516	20110519	 31.58	 31.67	 64.16	 63.96	 18.65	 23.52	 19.71	 20.63	 
10269	300	2604.00	2605.00	2606.00	20110516	20110519	 31.58	 31.67	 64.16	 63.96	 29.13	 12.88	 16.14	 19.38	 
10270	150	2560.00	2561.00	2562.00	20110614	20110616	 31.57	 31.66	 64.17	 64.17	 16.71	 14.70	 14.57	 15.33	 
10270	200	2564.00	2565.00	2566.00	20110614	20110616	 31.57	 31.66	 64.17	 64.17	  9.97	  9.61	 11.43	 10.34	 
10270	300	2568.00	2569.00	2570.00	20110614	20110616	 31.57	 31.66	 64.17	 64.17	 10.12	  7.45	 10.71	  9.43	 
20267	150	2620.00	2621.00	2622.00	20110407	20100408	 31.67	 31.47	 64.17	 64.19	 53.07	 40.32	 51.05	 48.15	 
20267	200	  -9.99	  -9.99	  -9.99	20110407	20100408	 31.67	 31.47	 64.17	 64.19	 -9.99	 -9.99	 -9.99	 -9.99	 
20267	300	  -9.99	  -9.99	  -9.99	20110407	20100408	 31.67	 31.47	 64.17	 64.19	 -9.99	 -9.99	 -9.99	 -9.99	 
