150 19.19 36.632 1026.226 174.77
160 19.08 36.625 1026.25 167.56
170 18.99 36.62 1026.27 160.57
180 18.91 36.614 1026.288 153.47
190 18.83 36.609 1026.303 146.36
200 18.76 36.603 1026.32 139.35
210 18.69 36.598 1026.334 132.56
220 18.63 36.594 1026.345 126.07
230 18.57 36.589 1026.356 120
240 18.52 36.585 1026.366 114.46
250 18.48 36.58 1026.375 109.56
260 18.43 36.575 1026.384 105.17
270 18.38 36.57 1026.392 101.1
280 18.34 36.566 1026.4 97.33
290 18.3 36.561 1026.407 93.85
300 18.25 36.556 1026.415 90.65
310 18.21 36.551 1026.422 87.66
320 18.16 36.544 1026.43 84.8
330 18.1 36.536 1026.439 82.09
340 18.05 36.529 1026.446 79.51
350 18 36.522 1026.454 77.06
360 17.95 36.514 1026.461 74.73
370 17.89 36.505 1026.469 72.52
380 17.83 36.495 1026.477 70.42
390 17.77 36.485 1026.485 68.43
400 17.7 36.474 1026.493 66.54
410 17.63 36.462 1026.502 64.75
420 17.55 36.448 1026.511 63.06
430 17.47 36.435 1026.52 61.45
440 17.39 36.42 1026.529 59.92
450 17.29 36.403 1026.54 58.47
460 17.18 36.383 1026.552 57.1
470 17.07 36.364 1026.564 55.79
480 16.95 36.343 1026.576 54.54
490 16.82 36.32 1026.589 53.36
500 16.69 36.297 1026.603 52.22
510 16.55 36.272 1026.617 51.13
520 16.4 36.246 1026.631 50.08
530 16.25 36.219 1026.647 49.07
540 16.07 36.189 1026.664 48.09
550 15.88 36.156 1026.683 47.14
560 15.71 36.127 1026.699 46.21
570 15.54 36.097 1026.716 45.3
580 15.36 36.067 1026.732 44.4
590 15.18 36.036 1026.75 43.5
600 14.99 36.005 1026.767 42.61
610 14.79 35.973 1026.785 41.71
620 14.59 35.94 1026.804 40.81
630 14.39 35.908 1026.823 39.89
640 14.2 35.877 1026.84 38.95
650 13.99 35.844 1026.858 37.99
660 13.78 35.811 1026.878 36.99
670 13.56 35.778 1026.897 35.97
680 13.34 35.745 1026.917 34.9
690 13.11 35.712 1026.937 33.79
700 12.89 35.679 1026.957 32.64
710 12.66 35.647 1026.978 31.47
720 12.44 35.616 1026.998 30.35
730 12.21 35.585 1027.018 29.27
740 11.95 35.551 1027.04 28.22
750 11.69 35.516 1027.064 27.22
760 11.46 35.487 1027.084 26.24
770 11.22 35.458 1027.105 25.29
780 10.99 35.429 1027.125 24.38
790 10.76 35.402 1027.145 23.48
800 10.53 35.376 1027.165 22.62
810 10.31 35.351 1027.185 21.77
820 10.08 35.327 1027.205 20.95
830 9.88 35.306 1027.224 20.14
840 9.67 35.286 1027.243 19.35
850 9.47 35.267 1027.263 18.58
860 9.27 35.25 1027.281 17.81
870 9.08 35.233 1027.301 17.06
880 8.88 35.218 1027.32 16.31
890 8.7 35.205 1027.339 15.57
900 8.52 35.192 1027.357 14.83
910 8.35 35.181 1027.376 14.1
920 8.16 35.17 1027.396 13.39
930 7.97 35.16 1027.416 12.71
940 7.81 35.151 1027.433 12.05
950 7.67 35.145 1027.45 11.42
960 7.52 35.138 1027.466 10.8
970 7.39 35.133 1027.481 10.21
980 7.26 35.129 1027.497 9.64
990 7.13 35.124 1027.512 9.1
1000 7.01 35.12 1027.525 8.58
1010 6.88 35.116 1027.54 8.08
1020 6.77 35.114 1027.553 7.6
1030 6.67 35.111 1027.565 7.15
1040 6.57 35.108 1027.576 6.72
1050 6.47 35.106 1027.587 6.31
1060 6.38 35.104 1027.598 5.93
1070 6.29 35.101 1027.608 5.57
1080 6.2 35.099 1027.618 5.23
1090 6.13 35.099 1027.627 4.92
1100 6.05 35.098 1027.637 4.62
1110 5.98 35.096 1027.645 4.35
1120 5.91 35.094 1027.652 4.11
1130 5.84 35.093 1027.659 3.89
1140 5.78 35.091 1027.665 3.69
1150 5.72 35.089 1027.671 3.51
1160 5.66 35.087 1027.677 3.36
1170 5.59 35.084 1027.683 3.22
1180 5.54 35.081 1027.688 3.12
1190 5.48 35.079 1027.693 3.03
1200 5.43 35.076 1027.697 2.97
1210 5.38 35.074 1027.702 2.93
1220 5.33 35.072 1027.706 2.92
1230 5.29 35.07 1027.71 2.92
1240 5.24 35.068 1027.714 2.92
1250 5.19 35.066 1027.718 2.92
1260 5.15 35.063 1027.721 2.92
1270 5.11 35.061 1027.724 2.92
1280 5.07 35.058 1027.727 2.92
1290 5.03 35.056 1027.729 2.92
1300 4.99 35.054 1027.732 2.92
1310 4.96 35.052 1027.734 2.92
1320 4.92 35.05 1027.737 2.92
1330 4.89 35.047 1027.739 2.92
1340 4.85 35.045 1027.741 2.92
1350 4.82 35.044 1027.744 2.92
1360 4.79 35.042 1027.746 2.92
1370 4.76 35.04 1027.748 2.92
1380 4.73 35.037 1027.749 2.92
1390 4.7 35.035 1027.751 2.92
1400 4.66 35.033 1027.753 2.92
1410 4.64 35.031 1027.755 2.92
1420 4.61 35.029 1027.756 2.92
1430 4.58 35.027 1027.758 2.92
1440 4.56 35.025 1027.759 2.92
1450 4.53 35.022 1027.76 2.92
1460 4.5 35.021 1027.762 2.92
1470 4.48 35.019 1027.763 2.92
1480 4.46 35.017 1027.765 2.92
1490 4.43 35.016 1027.766 2.92
1500 4.41 35.014 1027.767 2.92
1510 4.39 35.013 1027.768 2.92
1520 4.37 35.011 1027.769 2.92
1530 4.35 35.01 1027.771 2.92
1540 4.33 35.008 1027.772 2.92
1550 4.31 35.007 1027.773 2.92
1560 4.29 35.006 1027.774 2.92
1570 4.27 35.005 1027.775 2.92
1580 4.25 35.003 1027.776 2.92
1590 4.24 35.002 1027.777 2.92
1600 4.22 35.001 1027.778 2.92
1610 4.2 35 1027.779 2.92
1620 4.18 34.998 1027.78 2.92
1630 4.17 34.997 1027.781 2.92
1640 4.15 34.997 1027.782 2.92
1650 4.13 34.996 1027.783 2.92
1660 4.12 34.994 1027.784 2.92
1670 4.1 34.994 1027.785 2.92
1680 4.09 34.993 1027.786 2.92
1690 4.08 34.993 1027.787 2.92
1700 4.06 34.991 1027.788 2.92
1710 4.05 34.991 1027.789 2.92
1720 4.03 34.989 1027.79 2.92
1730 4.02 34.989 1027.79 2.92
1740 4 34.987 1027.791 2.92
1750 3.99 34.987 1027.792 2.92
1760 3.98 34.987 1027.793 2.92
1770 3.96 34.986 1027.794 2.92
1780 3.95 34.985 1027.795 2.92
1790 3.94 34.984 1027.796 2.92
1800 3.92 34.984 1027.797 2.92
1810 3.91 34.983 1027.798 2.92
1820 3.9 34.983 1027.798 2.92
1830 3.89 34.982 1027.799 2.92
1840 3.87 34.981 1027.8 2.92
1850 3.86 34.981 1027.801 2.92
1860 3.85 34.981 1027.802 2.92
1870 3.84 34.98 1027.803 2.92
1880 3.83 34.98 1027.804 2.92
1890 3.82 34.98 1027.805 2.92
1900 3.81 34.979 1027.805 2.92
1910 3.8 34.979 1027.806 2.92
1920 3.79 34.979 1027.807 2.92
1930 3.78 34.978 1027.808 2.92
1940 3.77 34.978 1027.809 2.92
1950 3.76 34.977 1027.81 2.92
1960 3.75 34.977 1027.81 2.92
1970 3.74 34.977 1027.811 2.92
1980 3.73 34.977 1027.812 2.92
1990 3.72 34.976 1027.813 2.92
2000 3.71 34.976 1027.814 2.92
2010 3.7 34.976 1027.815 2.92
2020 3.69 34.976 1027.816 2.92
2030 3.68 34.976 1027.816 2.92
2040 3.67 34.975 1027.817 2.92
2050 3.66 34.975 1027.818 2.92
2060 3.65 34.974 1027.819 2.92
2070 3.64 34.975 1027.82 2.92
2080 3.64 34.975 1027.821 2.92
2090 3.63 34.975 1027.822 2.92
2100 3.62 34.974 1027.823 2.92
2110 3.61 34.974 1027.823 2.92
2120 3.6 34.974 1027.824 2.92
2130 3.59 34.973 1027.825 2.92
2140 3.58 34.973 1027.826 2.92
2150 3.57 34.973 1027.826 2.92
2160 3.56 34.972 1027.827 2.92
2170 3.55 34.972 1027.828 2.92
2180 3.54 34.972 1027.829 2.92
2190 3.53 34.972 1027.83 2.92
2200 3.52 34.972 1027.831 2.92
2210 3.51 34.972 1027.831 2.92
2220 3.51 34.972 1027.832 2.92
2230 3.5 34.971 1027.833 2.92
2240 3.49 34.971 1027.834 2.92
2250 3.48 34.971 1027.834 2.92
2260 3.47 34.971 1027.835 2.92
2270 3.46 34.971 1027.836 2.92
2280 3.45 34.97 1027.837 2.92
2290 3.44 34.97 1027.837 2.92
2300 3.43 34.97 1027.838 2.92
2310 3.43 34.97 1027.839 2.92
2320 3.41 34.969 1027.84 2.92
2330 3.4 34.969 1027.84 2.92
2340 3.39 34.968 1027.841 2.92
2350 3.39 34.968 1027.842 2.92
2360 3.38 34.967 1027.842 2.92
2370 3.37 34.967 1027.843 2.92
2380 3.36 34.967 1027.844 2.92
2390 3.35 34.966 1027.844 2.92
2400 3.34 34.966 1027.845 2.92
2410 3.33 34.965 1027.846 2.92
2420 3.32 34.965 1027.846 2.92
2430 3.31 34.964 1027.847 2.92
2440 3.3 34.964 1027.847 2.92
2450 3.29 34.963 1027.848 2.92
2460 3.28 34.963 1027.849 2.92
2470 3.27 34.962 1027.849 2.92
2480 3.26 34.962 1027.85 2.92
2490 3.25 34.961 1027.85 2.92
2500 3.24 34.96 1027.851 2.92
2510 3.23 34.96 1027.852 2.92
2520 3.22 34.959 1027.852 2.92
2530 3.21 34.959 1027.853 2.92
2540 3.2 34.958 1027.853 2.92
2550 3.18 34.957 1027.854 2.92
2560 3.17 34.957 1027.854 2.92
2570 3.16 34.956 1027.855 2.92
2580 3.15 34.956 1027.855 2.92
2590 3.14 34.955 1027.856 2.92
2600 3.13 34.954 1027.856 2.92
2610 3.12 34.954 1027.857 2.92
2620 3.11 34.953 1027.857 2.92
2630 3.1 34.953 1027.858 2.92
2640 3.09 34.952 1027.858 2.92
2650 3.08 34.951 1027.859 2.92
2660 3.07 34.951 1027.859 2.92
2670 3.06 34.95 1027.86 2.92
2680 3.05 34.949 1027.86 2.92
2690 3.04 34.949 1027.861 2.92
2700 3.03 34.948 1027.862 2.92
2710 3.02 34.947 1027.862 2.92
2720 3.01 34.947 1027.862 2.92
2730 3 34.946 1027.863 2.92
2740 2.99 34.946 1027.863 2.92
2750 2.98 34.945 1027.864 2.92
2760 2.97 34.944 1027.864 2.92
2770 2.96 34.944 1027.865 2.92
2780 2.95 34.943 1027.865 2.92
2790 2.94 34.942 1027.866 2.92
2800 2.93 34.942 1027.866 2.92
2810 2.92 34.941 1027.867 2.92
2820 2.91 34.94 1027.867 2.92
2830 2.9 34.94 1027.868 2.92
2840 2.89 34.939 1027.868 2.92
2850 2.88 34.939 1027.869 2.92
2860 2.87 34.938 1027.869 2.92
2870 2.86 34.937 1027.87 2.92
2880 2.85 34.937 1027.87 2.92
2890 2.84 34.936 1027.871 2.92
2900 2.82 34.935 1027.871 2.92
2910 2.81 34.935 1027.872 2.92
2920 2.81 34.934 1027.872 2.92
2930 2.8 34.934 1027.873 2.92
2940 2.78 34.933 1027.873 2.92
2950 2.77 34.932 1027.874 2.92
2960 2.77 34.932 1027.874 2.92
2970 2.76 34.931 1027.874 2.92
2980 2.75 34.931 1027.875 2.92
2990 2.74 34.93 1027.875 2.92
3000 2.73 34.93 1027.876 2.92
3010 2.72 34.929 1027.876 2.92
3020 2.71 34.928 1027.877 2.92
3030 2.7 34.928 1027.877 2.92
3040 2.69 34.927 1027.878 2.92
3050 2.68 34.927 1027.878 2.92
3060 2.67 34.926 1027.878 2.92
3070 2.66 34.925 1027.879 2.92
3080 2.65 34.925 1027.879 2.92
3090 2.64 34.924 1027.88 2.92
3100 2.63 34.924 1027.88 2.92
3110 2.62 34.923 1027.88 2.92
3120 2.61 34.923 1027.881 2.92
3130 2.6 34.922 1027.881 2.92
3140 2.59 34.922 1027.882 2.92
3150 2.59 34.921 1027.882 2.92
3160 2.58 34.921 1027.882 2.92
3170 2.57 34.92 1027.883 2.92
3180 2.56 34.919 1027.883 2.92
3190 2.55 34.919 1027.883 2.92
3200 2.54 34.918 1027.884 2.92
3210 2.54 34.918 1027.884 2.92
3220 2.53 34.917 1027.884 2.92
3230 2.52 34.917 1027.885 2.92
3240 2.51 34.916 1027.885 2.92
3250 2.5 34.916 1027.885 2.92
3260 2.5 34.915 1027.886 2.92
3270 2.49 34.915 1027.886 2.92
3280 2.48 34.914 1027.886 2.92
3290 2.47 34.914 1027.887 2.92
3300 2.47 34.913 1027.887 2.92
3310 2.46 34.913 1027.887 2.92
3320 2.45 34.913 1027.887 2.92
3330 2.45 34.912 1027.888 2.92
3340 2.44 34.912 1027.888 2.92
3350 2.43 34.911 1027.888 2.92
3360 2.43 34.911 1027.888 2.92
3370 2.42 34.91 1027.889 2.92
3380 2.41 34.91 1027.889 2.92
3390 2.41 34.909 1027.889 2.92
3400 2.4 34.909 1027.889 2.92
3410 2.4 34.909 1027.89 2.92
3420 2.39 34.908 1027.89 2.92
3430 2.39 34.908 1027.89 2.92
3440 2.38 34.907 1027.89 2.92
3450 2.38 34.907 1027.89 2.92
3460 2.37 34.907 1027.89 2.92
3470 2.37 34.906 1027.891 2.92
3480 2.36 34.906 1027.891 2.92
3490 2.36 34.905 1027.891 2.92
3500 2.35 34.905 1027.891 2.92
3510 2.35 34.905 1027.891 2.92
3520 2.34 34.904 1027.891 2.92
3530 2.34 34.904 1027.892 2.92
3540 2.33 34.904 1027.892 2.92
3550 2.33 34.903 1027.892 2.92
3560 2.33 34.903 1027.892 2.92
3570 2.32 34.903 1027.892 2.92
3580 2.32 34.902 1027.892 2.92
3590 2.32 34.902 1027.892 2.92
3600 2.31 34.902 1027.892 2.92
3610 2.31 34.901 1027.893 2.92
3620 2.3 34.901 1027.893 2.92
3630 2.3 34.901 1027.893 2.92
3640 2.3 34.9 1027.893 2.92
3650 2.29 34.9 1027.893 2.92
3660 2.29 34.9 1027.893 2.92
3670 2.29 34.899 1027.893 2.92
3680 2.29 34.899 1027.893 2.92
3690 2.28 34.899 1027.893 2.92
3700 2.28 34.899 1027.893 2.92
3710 2.28 34.898 1027.893 2.92
3720 2.28 34.898 1027.893 2.92
3730 2.27 34.898 1027.893 2.92
3740 2.27 34.897 1027.893 2.92
3750 2.27 34.897 1027.894 2.92
3760 2.27 34.897 1027.894 2.92
3770 2.26 34.897 1027.894 2.92
3780 2.26 34.896 1027.894 2.92
3790 2.26 34.896 1027.894 2.92
3800 2.26 34.896 1027.894 2.92
3810 2.26 34.896 1027.894 2.92
3820 2.25 34.895 1027.894 2.92
3830 2.25 34.895 1027.894 2.92
3840 2.25 34.895 1027.894 2.92
3850 2.25 34.894 1027.894 2.92
3860 2.25 34.894 1027.894 2.92
3870 2.24 34.894 1027.894 2.92
3880 2.24 34.894 1027.894 2.92
3890 2.24 34.894 1027.894 2.92
3900 2.24 34.893 1027.894 2.92
3910 2.24 34.893 1027.894 2.92
3920 2.24 34.893 1027.894 2.92
3930 2.24 34.893 1027.894 2.92
3940 2.23 34.892 1027.894 2.92
3950 2.23 34.892 1027.894 2.92
3960 2.23 34.892 1027.894 2.92
3970 2.23 34.892 1027.894 2.92
3980 2.23 34.891 1027.894 2.92
3990 2.23 34.891 1027.894 2.92
4000 2.23 34.891 1027.894 2.92
